0.0 14.2126704035519 22.80350850198276 28.16025568065745 42.7551166528639 51.97114584074513 61.29437168288782 71.25307010929424 80.75270893288967 17.0 24.59674775249769 27.01851217221259 40.45985664828782 41.59326868617084 57.9827560572969 67.11929677819934 80.05623023850174 86.7294644281861 49.09175083453431 40.44749683231337 53.71219600798314 52.4785670536077 58.69412236331676 68.59300255857006 74.02702209328699 83.86894538504703 96.79876032264049 68.0294054067798 74.54528824815154 67.91170738539859 72.61542535852834 83.19254774317228 87.36704184073076 96.04686356149273 95.67131231461184 106.4048871058092 77.00649323271382 91.6624241442479 96.1041102138717 96.56603957913983 91.7877987534291 99.12618221237011 99.62429422585637 106.8877916321597 121.5113163454334 105.0047617967871 107.2287274940816 99.82484660644363 119.3691752505646 110.4943437466371 118.0677771451635 122.2988143850953 128.4717867860489 134.0149245420076 120.0666481584291 130.4645545732633 126.1507035255848 130.4952106400844 137.7860660589452 127.9453008124956 142.8635712839351 145.7943757488608 148.9496559244096 142.0563268566381 143.3492239253495 150.2065244921139 154.3534904043313 158.1518257877537 158.4329511181307 158.7734234687909 161.5487542508453 165.6049516167919 173.0028901492689 158.154987275141 166.0903368652132 175.4137964927502 172.6962651593832 168.9615340839447 179.9472144824698 170.6985647274165 177.098842458103 191.0418802252532 192.166594391429 186.3035158015007 185.776747737708 195.143536915779 196.7256973554802 192.6265817585932 201.8960128382926 205.7692882818036 207.0096616102736 213.0844902849572 206.6204249342257 213.8410624739786 203.179723397784 215.3717715950723 210.7225664232476 218.2200724039839 215.0372060830404
14.2126704035519 0.0 9.486832980505138 18.24828759089466 33.13608305156178 42.01190307520001 52.23983154643591 62.20128616033595 71.0 10.81665382639197 11.18033988749895 12.8062484748657 26.24880949681338 29.12043955712207 44.7213595499958 54.23098745182499 67.4166151627327 74.72616676907762 39.84971769034255 29.1547594742265 40.16217125604641 38.47076812334269 44.55333881989093 54.48853090330111 60.21627686929839 70.0 83.35466393669883 58.05170109479997 63.0 55.44366510251645 59.13543776789007 69.46221994724903 73.24616030891995 81.83520025025906 81.68843247363729 92.45539465060976 66.48308055437865 80.02499609497022 83.72574275573791 83.74365647617735 78.18567643756751 85.0881895447306 85.44588931013593 92.69843580125827 107.298648640139 94.53041838477179 96.02083107326243 87.5728268357257 106.5129100156408 97.082439194738 104.2784733298297 108.3005078473781 114.3896848496402 119.8081800212323 109.7724920005007 119.016805536025 114.2803570172932 117.8855377050128 124.9519907804594 114.4901742508937 129.2439553712281 131.9469590403659 134.8332303254654 131.6434578701122 132.0037878244408 138.3618444514238 141.8767070381886 145.5266298654648 145.2067491544384 145.248063670398 147.8512766262098 151.647617851386 162.3083485221879 147.0136048126159 154.3243337908834 163.2298992219256 160.0312469488381 155.9551217498162 166.6763330530163 157.0986950932439 163.2482771731451 180.4688338744394 181.0027624098594 174.4849563716024 173.5309770617339 182.6499384067785 183.8613608129778 179.535511807553 188.4887264533346 192.2004162326398 196.1249601657066 202.0222759994551 195.1256005756292 201.8960128382926 190.7039590569635 202.6153992173349 197.6916791369834 204.9243762952568 201.5465206844316
22.80350850198276 9.486832980505138 0.0 10.81665382639197 24.73863375370596 33.24154027718932 43.73785545725808 53.60037313302958 62.07253821135398 18.24828759089466 10.63014581273465 7.071067811865476 18.78829422805594 19.6468827043885 35.35533905932738 44.77722635447622 57.9396237474839 65.25335240430181 40.8166632639171 28.63564212655271 35.22782990761707 32.28002478313795 36.23534186398687 46.01086828130936 51.22499389946279 61.07372593840988 74.09453421137081 57.58472019555187 60.67124524847005 52.03844732503075 53.9351462406472 63.60031446463138 66.18912297349165 74.06078584514209 72.91776189653656 83.6301381082203 65.25335240430181 77.31752712031083 80.02499609497022 79.40403012442127 72.53275122315436 78.29431652425353 78.03204469959762 84.50443775329198 99.40321926376429 92.9623579735368 93.64827814754524 84.00595217006948 101.965680500843 91.67878707749138 98.08159868191383 101.5529418579295 107.3545527679194 112.0714058089752 108.2589488217949 116.2110149684616 111.0045044131093 113.6353818139403 120.3536455617361 108.9311709291698 123.3288287465668 125.5388386118017 127.6322843170959 129.8768647604338 129.2478239662084 135.0037036528998 137.7134706555608 141.1523999087511 139.9464183178691 139.4740119161989 141.7391971192161 144.9310180741169 160.1311962111068 144.4195277654653 151.0033112219729 159.3800489396336 155.5634918610405 151.0099334481013 161.2978611141512 151.1621645783097 156.7801007781281 178.3619914667921 178.2806775845324 171.0467772277514 169.5788901956844 178.3619914667921 179.0670265570968 174.4161689752415 182.8496650256708 186.2713075060139 193.6620768245554 199.3614807328637 192.0104163841118 198.2523644247402 186.4242473499625 197.9419106707824 192.634368688456 199.449241663136 195.7472860603692
28.16025568065745 18.24828759089466 10.81665382639197 0.0 15.0 24.08318915758459 34.05877273185281 44.04543109109048 53.08483775994799 28.46049894151541 21.2602916254693 16.40121946685673 23.02172886644268 14.86606874731851 31.8276609256791 40.0 52.4785670536077 58.69412236331676 50.80354318352215 38.27531841800928 41.30375285612676 37.0 36.76955262170047 45.65084884205331 49.04079934095692 58.89821729050889 70.2922470831599 66.64082832618455 68.41052550594829 59.03388857258177 59.00847396772772 67.60177512462228 68.30812543175226 74.68600939935136 71.06335201775947 81.46778504415104 73.7360156233031 84.52810183601665 86.28441342444185 85.00588214941364 76.6550715869472 80.65358020571685 79.30952023559341 84.05950273467003 99.4786409235671 100.9603882718366 101.0 90.35485598461214 107.1167587261676 95.88534820294495 101.1385188738692 103.7304198391195 109.0045870594444 112.3788236279416 116.2110149684616 123.0447073221762 117.4265728019003 119.0378091196238 125.3235811808775 112.7874106449829 126.6056870760552 128.0820049811838 128.8603895694872 137.5390853539458 136.0661603779573 141.2267680009707 143.0873858870865 146.2771342349856 144.0138882191575 142.8635712839351 144.6409347314929 146.8945199794737 167.3588957898563 151.3274595042156 157.203689524133 165.0121207669303 160.5272562526377 155.4252231782216 165.1302516197441 154.2757271899893 159.0880259479009 185.6071119327059 184.978377114732 177.0706073858674 175.071414000116 183.4611675532454 183.5755975068582 178.5385112517745 186.2713075060139 189.2828571212935 200.5642041840966 206.0728026693479 198.3053201505194 204.0024509656685 191.5124016872014 202.5487595617411 196.7866865415443 203.0492551082126 198.9170681465017
42.7551166528639 33.13608305156178 24.73863375370596 15.0 0.0 9.219544457292887 19.1049731745428 29.06888370749727 38.11823710509184 42.95346318982906 34.0147027033899 28.17800560721074 28.0178514522438 12.08304597359457 24.04163056034261 29.41088233970548 40.36087214122113 45.27692569068709 60.87692502089769 48.16637831516918 45.61797891182817 39.92492955535426 34.0147027033899 40.60788100849391 41.23105625617661 50.53711507397311 59.54829972383762 74.4043009509531 73.79024325749306 63.56099432828282 60.63827174318213 67.26812023536856 65.27633568147036 69.3757882838098 62.64982043070834 72.40165743959182 80.26207074328447 88.60022573334675 88.76936408468859 86.49277426467485 76.16429609731846 77.52418977325722 74.73285756613352 77.07788269017254 92.84934033152847 106.1037228376083 105.0047617967871 92.89241088485109 107.4662737792653 95.02105029939419 98.50888284819801 99.82484660644363 104.2928568982555 105.8489489791939 121.0784869413225 125.8769240170731 119.6411300515003 119.6035116541316 125.1439171514141 111.1125555461668 123.9112585683803 124.3382483389564 123.3288287465668 141.6756859873987 138.7407654584621 142.8635712839351 143.3492239253495 146.1232356608626 142.2849254137626 140.1606221447379 141.2303083619094 142.1724305201258 170.510996712822 154.0292180074936 158.6757700469735 165.5113289173886 160.0124995117569 154.1168387944679 162.8895331198417 151.0827587780949 154.7384890710776 188.692872149427 187.1149379392249 178.1263596439337 175.285481429581 183.0109286354233 182.2223915988373 176.6380479964608 183.3084831643097 185.7229118875752 202.9802946100926 208.1369741300185 199.6997746618659 204.4798278559526 191.0026177831079 201.2486024796197 194.8332620473209 200.2598312193436 195.5326059765992
51.97114584074513 42.01190307520001 33.24154027718932 24.08318915758459 9.219544457292887 0.0 10.77032961426901 20.39607805437114 29.01723625709382 51.478150704935 41.7612260356422 35.73513677041127 32.64965543462902 16.64331697709324 21.09502310972899 23.40939982143925 32.64965543462902 36.61966684720111 66.61080993352356 54.08326913195984 48.60041152089147 42.43819034784589 33.52610922848042 38.05259518088089 36.6742416417845 45.22167621838005 52.43090691567332 78.56844150166147 76.55063683601855 66.03786792439622 61.46543744251723 66.70832032063167 63.07138812488591 65.62011886609167 57.0087712549569 66.18912297349165 83.60023923410746 90.33825324855468 89.5377015563835 86.68333173107735 75.31268153505093 75.0 71.34423592694787 72.12489168102785 87.93179174792243 108.3005078473781 106.5129100156408 93.637599285757 106.7052013727541 93.64827814754524 96.00520819205592 96.51942809610924 100.4489920307815 100.8811181539935 122.9837387624884 126.4911064067352 119.9208072020865 118.8696765369537 123.9112585683803 109.0733698021657 121.1486689980538 120.9338662244783 118.8486432400471 143.0 139.1761473816545 142.6359001093343 142.2743827960606 144.7791421441638 140.0 137.2953021774598 137.9311422413372 138.0796871375366 171.0935416665398 154.4020725249503 158.2687587617973 164.4779620496314 158.3824485225557 152.029602380589 160.1998751560063 147.8681845428556 150.8144555405748 189.1718795170149 187.0106948813356 177.3865834836446 174.0402252354323 181.3339460773961 180.0 174.1034175425629 180.1138528820035 182.1647605877712 203.0024630392449 207.927872109537 199.1004771465905 203.3051893090779 189.2643653728826 199.0025125469525 192.2108217556962 197.1217897646021 192.0520762709948
61.29437168288782 52.23983154643591 43.73785545725808 34.05877273185281 19.1049731745428 10.77032961426901 0.0 10.0 19.6468827043885 61.98386886924694 52.49761899362675 46.48655719667784 43.01162633521314 27.29468812791236 27.73084924772409 26.0768096208106 31.01612483854165 32.01562118716424 77.10382610480494 64.66065264130884 58.05170109479997 51.73973328110612 41.182520563948 43.68065933568311 40.11234224026316 47.16990566028302 51.07837115648854 88.3911760301898 85.60373823613078 75.0 69.35416353759881 73.38937252763509 68.24954212300622 69.00724599634447 58.05170109479997 66.09841147864296 92.9569792968769 98.6154146165801 97.082439194738 93.77632963600144 81.60882305241266 79.63039620647382 75.05997601918082 73.824115301167 89.44271909999159 116.8118144709686 114.5294721894762 101.1335750381643 112.7918436767482 99.24716620639605 100.4041831797859 100.0 103.2375900532359 102.1812115802118 131.2288078129189 133.7011593068661 126.873953197652 124.907966119059 129.4372434811558 113.8639539099183 125.0639836243832 124.1007655093231 120.6689686704913 150.7348665704123 146.1848145328372 149.0402630164077 147.8715658941908 150.0966355385756 144.346804606129 141.0035460547003 141.1276018360689 140.2925514772613 178.1375872745558 161.3071604114337 164.453640883989 170.0382309952676 163.3554406807438 156.5407295242998 164.0121946685672 151.1191582824626 153.1828972176724 196.0867155112758 193.4037228183574 183.199344976995 179.3599732381782 186.1880769544602 184.2715387681993 178.0449381476486 183.273020382161 184.8783383741859 209.4803093371785 214.1821654573508 205.0 208.6264604502506 194.0335022618517 203.1994094479608 196.0025510038071 200.3022715797302 194.8332620473209
71.25307010929424 62.20128616033595 53.60037313302958 44.04543109109048 29.06888370749727 20.39607805437114 10.0 0.0 10.295630140987 71.84705978674423 62.0966987850401 56.04462507680822 51.478150704935 36.40054944640259 33.30165161069343 28.63564212655271 29.01723625709382 26.92582403567252 85.58621384311844 73.35529974037323 65.19202405202648 58.7962583843564 46.86149805543992 47.41307836451879 42.05948168962618 47.38143096192854 48.05205510693585 95.77577981932593 92.02173656261873 81.39410298049853 74.63243262818116 77.3692445355388 70.83784299369935 69.87131027825369 57.0087712549569 63.78871373526825 99.70456358662827 104.0432602334241 101.7103731189695 97.94896630388705 85.0881895447306 81.49233092751734 76.11832893594026 73.00684899377592 88.20430828479978 122.413234578619 119.5700631429122 105.6787585089833 115.7670073898432 101.8331969448077 101.7889974407843 100.4987562112089 103.0436800585072 100.6031808642252 136.4587849865299 137.7534028617805 130.6789960169575 127.7575829452013 131.7345816405093 115.5205609404664 125.7815566766448 124.1007655093231 119.4194289050153 155.3093686807077 149.9666629621397 152.1610988393551 150.1532550429727 152.0822146077575 145.38225476309 141.4284271283535 141.0567261778041 139.2910621683961 181.8598361376145 164.9242250247064 167.2871782295344 172.2004645754477 164.9393828047141 157.6863976378432 164.4384383287557 151.0529708413575 152.2662142433442 199.6246477767713 196.3797341886377 185.5855597830823 181.2456896039186 187.5793165570234 185.0837648201484 178.5497129653251 183.0 184.1738309315414 212.513528981098 216.9654350351687 207.4246851269154 210.440015206234 195.3176899310454 203.8872237291979 196.3084307919555 200.0024999843752 194.164878389476
80.75270893288967 71.0 62.07253821135398 53.08483775994799 38.11823710509184 29.01723625709382 19.6468827043885 10.295630140987 0.0 80.22468448052632 69.87131027825369 63.78871373526825 57.58472019555187 43.73785545725808 36.89173349139343 29.69848480983499 25.29822128134704 20.02498439450079 91.28526715741155 79.47955712005447 69.33974329343886 62.96824596572466 49.8196748283246 48.27007354458868 41.34005321718877 44.59820624195552 42.01190307520001 99.86490875177326 94.92101980067429 84.38601779915912 76.4198926981712 77.6659513557904 69.77105417004964 67.05221845696084 52.61178575186362 58.00862004909271 102.9417310909429 105.6456340792179 102.4158190906073 98.18350166906862 84.72307831990054 79.47955712005447 73.37574531137656 68.46897107449476 83.05419917138447 124.0846485267215 120.6026533704794 106.254411673116 114.5425685062108 100.3194896318756 99.04039579888602 96.88137075826292 98.73196037757987 95.02105029939419 137.6117727521886 137.5572608043647 130.2497600765545 126.317061397105 129.6919426949878 112.9291813483123 122.1842870421561 119.8206993803658 114.0043858805441 155.6181223379848 149.4121815649581 150.8807476121457 148.0 149.6161755960899 141.9929575718458 137.4627222195166 136.6199107011859 134.0 181.121506177483 164.1279988301813 165.6411784551173 169.8381582566179 162.0154313638056 154.3534904043313 160.3807968554839 146.5776244861405 147.0 198.6353442869622 194.7947637899951 183.412104289766 178.5721142843977 184.3908891458578 181.3339460773961 174.5222048909536 178.2273828568439 179.002793274295 210.9502310972899 215.1278689523977 205.2340127756605 207.6174366473105 192.0026041490063 199.9699977496624 192.0442657305862 195.1640335717624 189.0026454841307
17.0 10.81665382639197 18.24828759089466 28.46049894151541 42.95346318982906 51.478150704935 61.98386886924694 71.84705978674423 80.22468448052632 0.0 12.08304597359457 17.46424919657298 29.5296461204668 37.05401462729781 50.96076922496363 60.87692502089769 74.21590126111789 82.20097323024831 32.14031735997639 23.76972864800943 38.8329756778952 38.89730067755345 48.02082881417188 57.9827560572969 64.8459713474939 74.30343195303969 88.63972021616495 51.03920062069938 57.70615218501403 51.54609587543949 57.30619512757761 68.26419266350405 73.7563556583431 83.45058418010026 85.44003745317531 96.25487000666512 60.00833275470999 74.81310045707235 79.55501241279521 80.32434251209281 76.53757247260981 85.0 86.37129152675674 95.01578816175763 108.8944443027283 88.0056816347672 90.27181176868004 83.19855767980596 103.092191750879 94.847245611035 103.0776406404415 107.8981000759513 114.4027971686007 121.0165277968262 103.0776406404415 113.5341358358798 109.3297763649044 114.0175425099138 121.4578116055118 112.307613277106 127.455874717488 130.862523283024 135.0 125.0639836243832 126.3962024745997 133.3604139165742 137.7679207943562 141.6509795236164 142.4429710445552 143.1782106327635 146.2497863246302 150.9436981129057 156.00320509528 141.1736519326464 149.2146105446782 158.6726189359714 156.2081944073358 152.7383383437177 163.9817062967696 155.2063143045411 162.1141573089778 174.0459709387149 175.182761709022 169.434353069264 169.0562036720333 178.5385112517745 180.3607496103296 176.459627110566 186.0779406592839 190.1841213140571 190.0105260242179 196.091815229499 189.6760396043739 197.0 186.560981987124 198.9170681465017 194.4865033877672 202.2498454881981 199.3238570768688
24.59674775249769 11.18033988749895 10.63014581273465 21.2602916254693 34.0147027033899 41.7612260356422 52.49761899362675 62.0966987850401 69.87131027825369 12.08304597359457 0.0 6.082762530298219 17.4928556845359 26.1725046566048 39.05124837953327 49.03060268852505 62.3698645180507 70.57619995437555 30.4138126514911 18.68154169226941 29.1547594742265 28.0178514522438 36.05551275463989 46.04345773288535 52.77309920783505 62.26556030423239 76.55716818169282 47.80167361086848 52.03844732503075 44.28317965096906 48.10405388322278 58.60034129593445 63.00793600809346 72.18032973047436 73.49829930005184 84.31488599292535 55.90169943749474 69.0 72.56031973468694 72.56721022610694 67.23094525588644 74.62573282722254 75.43208866258443 83.48652585896721 97.67292357659824 83.86298349093002 85.09406559801923 76.4198926981712 95.34149149242423 86.03487664894976 93.47192091746055 97.75479527879949 104.0096149401583 109.9863627910297 99.14131328563285 108.0 103.1746092796091 106.7052013727541 113.7804904190521 103.464969917359 118.3089176689568 121.1981848048889 124.5351356043747 120.9338662244783 121.0041321608481 127.251719045363 130.6981254647518 134.3465667592589 134.1044369139217 134.2609399639374 136.9707998078423 141.0319112825179 151.4760707174569 136.0588108135596 143.2236014070307 152.0690632574555 148.8522757635905 144.8067677976413 155.5892027102138 146.1540283399674 152.5024589965683 169.6643745752183 170.0264685276972 163.3707440149551 162.3637890664048 171.4701140140754 172.6962651593832 168.4042754801671 177.451401797788 181.2401721473471 185.2187895436097 191.0654338178416 184.06792224611 190.7590102721232 179.5243716045262 191.4418971907665 186.5502613238588 193.8478785027064 190.5465822312224
27.01851217221259 12.8062484748657 7.071067811865476 16.40121946685673 28.17800560721074 35.73513677041127 46.48655719667784 56.04462507680822 63.78871373526825 17.46424919657298 6.082762530298219 0.0 13.45362404707371 20.09975124224178 33.52610922848042 43.41658669218482 56.75385449465085 64.77653896280658 34.40930106817051 21.95449840010015 28.44292530665578 26.0 31.89043743820395 41.86884283091664 48.02082881417188 57.68882040742383 71.55417527999327 50.69516742254631 53.60037313302958 45.0111097397076 47.29693436154187 57.24508712544684 60.53924347066124 69.02897942168927 69.20260110718382 80.0 58.24087911424414 70.25667228100119 73.06161783043132 72.56031973468694 66.09841147864296 72.47068372797375 72.67048919609665 79.93122043357026 94.49338601193207 85.90692637965812 86.57944328765345 77.02596964660685 95.1892851112981 85.16454661418682 91.92388155425118 95.71311299921238 101.7103731189695 107.0046727951635 101.202766760598 109.165012710117 104.0 106.7941945987702 113.6001760562016 102.4890238025517 117.0469991071963 119.5073219514185 122.11470017979 122.8087944733601 122.2006546627308 128.0156240464421 130.862523283024 134.350288425444 133.4053971921676 133.1352695569435 135.5581056226443 139.086304142428 153.0620789091799 137.3644786689776 144.0138882191575 152.4729484203673 148.7884404112094 144.3675863897433 154.8063306199071 144.8999654934397 150.7912464302885 171.2921480979207 171.236678313964 164.0762018087937 162.692962355475 171.5488268686207 172.3861943428185 167.8362297002647 176.4652940382329 180.0138883530935 186.6038584810078 192.3148460207896 185.0027026829608 191.3164917094185 179.6106901050157 191.2302277360982 186.0376306019833 193.0025906561878 189.4333655932872
40.45985664828782 26.24880949681338 18.78829422805594 23.02172886644268 28.0178514522438 32.64965543462902 43.01162633521314 51.478150704935 57.58472019555187 29.5296461204668 17.4928556845359 13.45362404707371 0.0 16.27882059609971 23.0 33.01514803843835 46.17358552246078 55.0 34.13209633175202 21.93171219946131 18.43908891458577 14.0356688476182 18.60107523773828 28.60069929215018 35.34119409414458 44.77722635447622 59.23681287847955 46.40043103248072 46.23851208678757 36.40054944640259 36.05551275463989 45.12205669071391 47.41307836451879 55.60575509783138 56.0357029044876 66.85057965343307 52.3545604508337 61.84658438426491 63.28506932918696 62.0 54.12947441089743 59.50630218724736 59.36328831862332 66.48308055437865 81.05553651663777 78.77182237323191 78.33900688673555 67.36467917239716 84.2140130857092 73.348483283569 79.37883848986453 82.76472678623425 88.58893836140041 93.60021367496978 93.92017887546851 100.1299156096718 94.42986815621421 96.08329719571451 102.4890238025517 90.47098982546837 104.6947945219818 106.7754653466797 108.9082182390291 114.9826073804208 113.1370849898476 118.2074447740074 120.1499063670047 123.4058345460214 121.5976973466192 120.8801058900926 123.0325160272682 126.1427762497718 144.5441109142811 128.4133949399361 134.1827112559588 142.0316866054895 137.7134706555608 132.8344834747363 142.8635712839351 132.5028301584536 138.0036231408437 162.7882059609971 162.0030863903525 154.0519392932137 152.1183749584513 160.6113321033108 160.9534094078159 156.1089363233252 164.283291907607 167.6007159889241 177.6288264893961 183.0956034425732 175.285481429581 181.0110493864946 168.6683135624472 179.8888545741509 174.347354439349 180.9447429465692 177.1157813409071
41.59326868617084 29.12043955712207 19.6468827043885 14.86606874731851 12.08304597359457 16.64331697709324 27.29468812791236 36.40054944640259 43.73785545725808 37.05401462729781 26.1725046566048 20.09975124224178 16.27882059609971 0.0 16.97056274847714 25.55386467836128 38.48376280978771 45.60701700396552 50.0 37.44329045369811 33.54101966249684 27.85677655436824 23.3452350598575 31.38470965295043 34.20526275297414 44.04543109109048 55.60575509783138 62.62587324740471 61.71709649683789 51.478150704935 48.83646178829912 56.00892785976178 55.10898293381942 60.53924347066124 56.22277118748239 66.60330322138685 68.26419266350405 76.55063683601855 76.90253571892151 74.81310045707235 65.0 67.468511173732 65.45991139621256 69.46221994724903 85.0 94.02127418834527 92.97311439335567 81.02468759581859 96.13012014972206 84.0535543567314 88.28363381737297 90.24965373894794 95.1892851112981 97.94896630388705 109.0045870594444 114.0043858805441 107.8702924812944 108.2266141020775 114.0043858805441 100.4987562112089 113.7717012266231 114.7257599669752 114.7693338832286 129.6533840669036 126.9054766351713 131.2402377321833 132.0946630261798 135.0037036528998 131.7459676802292 130.0499903883118 131.4686274363584 133.1352695569435 158.6190404711868 142.2005625867915 147.1054043874663 154.2076522096099 149.0301982820932 143.4224529144583 152.5942331806808 141.2232275512778 145.4991408909345 176.8191166135608 175.4137964927502 166.6763330530163 164.0762018087937 172.0261608011991 171.572142260916 166.2077013859466 173.3666634621547 176.0823670899503 191.2302277360982 196.4611920965563 188.1754500459611 193.2097306038182 180.0444389588304 190.5911855254592 184.439692040515 190.2472076010579 185.8090417606205
57.9827560572969 44.7213595499958 35.35533905932738 31.8276609256791 24.04163056034261 21.09502310972899 27.73084924772409 33.30165161069343 36.89173349139343 50.96076922496363 39.05124837953327 33.52610922848042 23.0 16.97056274847714 0.0 10.04987562112089 23.3452350598575 32.0 55.02726596879042 43.93176527297759 32.4499614791759 26.0768096208106 13.60147050873544 17.0 17.4928556845359 27.20294101747089 38.8329756778952 63.00793600809346 58.72818744010409 48.10405388322278 41.67733196834941 45.88027898781785 42.01190307520001 45.35416188179427 39.40812099047606 49.67896939349689 66.48308055437865 71.02112361825881 69.35416353759881 66.12866246946176 54.3415126767741 54.03702434442518 50.80354318352215 53.22593352868505 68.94200461257273 89.30845424706443 86.83317338436964 73.40980860893181 85.70297544426332 72.56031973468694 75.05997601918082 75.95393340703298 80.2807573457052 81.93900170248598 103.5857133006285 106.0424443324464 99.29753269845128 97.86214794290998 102.8250942134263 88.02272433866155 100.3194896318756 100.4489920307815 99.29753269845128 123.0040649734796 118.5959527134042 121.7538500417954 121.1981848048889 123.685083983478 119.016805536025 116.5203844827162 117.3882447266335 118.1397477566293 150.5456741324705 133.7647188162858 137.317151150175 143.4015341619468 137.2953021774598 131.003816738292 139.3592479887862 127.2792206135786 130.728726758888 168.5496959356498 166.1384964419746 156.348968656656 152.9477034806342 160.2529250903084 159.0125781188394 153.2090075680931 159.5242928208741 161.8054387219416 182.1675053350624 187.0106948813356 178.0842497246739 182.2141597132342 168.1903683330291 178.0252791038396 171.3534359153618 176.5049574374612 171.6420694352058
67.11929677819934 54.23098745182499 44.77722635447622 40.0 29.41088233970548 23.40939982143925 26.0768096208106 28.63564212655271 29.69848480983499 60.87692502089769 49.03060268852505 43.41658669218482 33.01514803843835 25.55386467836128 10.04987562112089 0.0 13.34166406412633 22.02271554554524 64.28841264178172 53.60037313302958 40.71854614300467 34.53983207834109 20.591260281974 18.86796226411321 14.0356688476182 21.84032966784156 30.4138126514911 70.83078426785913 65.29931086925804 54.81788029466298 46.75467891024384 48.76474136094644 42.44997055358225 43.01162633521314 33.61547262794322 43.04648650006177 73.40980860893181 76.05918747922567 73.24616030891995 69.35416353759881 56.46237685397242 53.60037313302958 49.01020301937138 48.76474136094644 64.5600495662759 94.49338601193207 91.2633551870629 77.17512552629896 87.28115489611719 73.49829930005184 74.33034373659252 74.02702209328699 77.52418977325722 77.4919350642375 108.2266141020775 109.1237829256299 102.0441081101697 99.32774033471213 103.5857133006285 87.82368700982668 99.02019995940222 98.2496819333274 95.56673061269805 126.763559432512 121.3342490807933 123.6486959090147 122.0245876862528 124.1491039033307 118.2708755357801 115.0043477439005 115.2779250333732 114.9347641055569 153.2351134694656 136.3084736911099 138.8848443855556 144.1561653208076 137.3207923076473 130.4645545732633 138.0 125.2557383915005 127.7380131362626 171.0263137648707 167.9315336677421 157.4102919125684 153.3949151699625 160.1311962111068 158.2024020045208 152.0131573252789 157.4579308894919 159.2607924129476 184.0489065438858 188.6001060445089 179.2344832893492 182.6499384067785 167.9672587143102 177.1383639983163 170.0029411510283 174.4849563716024 169.1862878604528
80.05623023850174 67.4166151627327 57.9396237474839 52.4785670536077 40.36087214122113 32.64965543462902 31.01612483854165 29.01723625709382 25.29822128134704 74.21590126111789 62.3698645180507 56.75385449465085 46.17358552246078 38.48376280978771 23.3452350598575 13.34166406412633 0.0 9.848857801796104 76.2954782408499 66.18912297349165 51.92301994298868 46.09772228646444 31.78049716414141 26.41968962724581 17.80449381476486 19.31320791582797 20.12461179749811 81.02468759581859 74.09453421137081 64.00781202322104 54.40588203494178 53.81449618829484 44.94441010848846 41.7612260356422 28.0 35.17101079013795 82.49242389456137 82.80700453464067 78.64477096412705 74.02702209328699 60.21627686929839 54.23098745182499 48.08326112068523 44.0 59.21148537234985 101.1385188738692 97.0 82.3286098510111 89.44271909999159 75.15317691222374 73.76313442364011 71.84705978674423 74.10802925459562 71.7007670809734 114.0219277156811 112.8981842192336 105.4751155486449 101.1335750381643 104.4030650891055 87.64131445842195 97.16480844420988 95.1892851112981 90.44888059008801 131.2440474840669 124.5311206084648 125.7179382586272 122.7028932014237 124.3261838873855 116.9016680804855 112.6410227226298 112.1115515903691 110.2905254316979 156.1185447024152 139.1186543925724 140.3887459877037 144.5441109142811 136.7954677611799 129.2478239662084 135.6244815658294 122.1024160285127 123.2598880414874 173.5280957078709 169.5435047414085 158.113883008419 153.3101431738944 159.2482338991551 156.4161117020878 149.7531301843137 154.0032467190221 155.1579840034022 185.6986806630569 189.8420396013486 179.936099768779 182.3869512876401 166.9041641182149 175.1456536714514 167.4305826305338 171.0 165.1484180971771
86.7294644281861 74.72616676907762 65.25335240430181 58.69412236331676 45.27692569068709 36.61966684720111 32.01562118716424 26.92582403567252 20.02498439450079 82.20097323024831 70.57619995437555 64.77653896280658 55.0 45.60701700396552 32.0 22.02271554554524 9.848857801796104 0.0 85.90692637965812 75.53806987208503 61.68468205316454 55.78530272392541 41.48493702538308 36.23534186398687 27.45906043549196 27.20294101747089 22.0 90.87353850269065 83.86298349093002 73.824115301167 64.07027391856539 62.93647591023825 53.41348144429457 48.75448697299562 33.24154027718932 38.0 92.28217596047462 92.19544457292888 87.69264507357501 82.87943049997388 68.8839603971781 61.773780845922 55.03635162326805 48.83646178829912 63.12685640834652 110.4536101718726 106.075444849409 91.28526715741155 97.24710792614863 82.85529554590944 80.4114419718985 77.62087348130012 79.07591289387686 75.0066663703967 123.0690862889621 121.2476803901831 113.718951806636 108.7060255919606 111.4854250563723 94.33981132056604 102.8396810574595 100.1299156096718 94.0 139.8070098385628 132.608446186508 133.2966616236131 129.6186714945034 130.9732797176584 122.723265927859 117.8855377050128 116.8417733518282 114.0043858805441 163.9756079421571 146.9863939281456 147.648230602334 151.2216915657274 143.0034964607509 135.092560861063 140.7302383995707 126.7753919339238 127.0039369468522 181.1767093199344 176.7766952966369 164.9151296879701 159.7028490666337 165.1696097955069 161.8054387219416 154.8709139896837 158.3161394173064 159.0125781188394 192.9170806331052 196.8476568313679 186.6815470259447 188.6001060445089 172.6962651593832 180.3468879687143 172.2846481843347 175.231275747225 169.0118339052032
49.09175083453431 39.84971769034255 40.8166632639171 50.80354318352215 60.87692502089769 66.61080993352356 77.10382610480494 85.58621384311844 91.28526715741155 32.14031735997639 30.4138126514911 34.40930106817051 34.13209633175202 50.0 55.02726596879042 64.28841264178172 76.2954782408499 85.90692637965812 0.0 12.72792206135786 25.0 30.26549190084311 44.55333881989093 52.00961449578337 61.07372593840988 68.11754546370561 84.09518416651456 19.02629759044045 27.73084924772409 25.49509756796392 35.84689665786984 46.87216658103186 56.36488268416781 68.15423684555495 76.2954782408499 86.34813257969161 28.2842712474619 44.27188724235731 50.53711507397311 52.69724850502159 53.15072906367325 64.89992295835181 68.8839603971781 80.77747210701756 91.7877987534291 56.0357029044876 58.85575587824864 53.71219600798314 74.70609078247904 69.02897942168927 79.20858539325141 85.70297544426332 92.9569792968769 102.3425620160058 71.00704190430693 82.20097323024831 78.587530817554 84.69356528095862 92.61209424259879 86.02325267042627 101.6070863670443 106.4048871058092 113.2784180680504 93.00537618869137 94.89467845985885 102.3914058893616 107.8378412246833 112.0089282155668 114.5294721894762 116.5032188396527 120.4325537385968 126.9054766351713 124.01612798342 109.4577544078079 118.0677771451635 128.062484748657 126.5306287030931 123.9758040909596 135.9595528089145 128.7012043455694 137.0036495864252 142.0035210831055 143.4224529144583 138.2787040726084 138.4954872911027 148.3677862610344 150.9867543859394 147.7328670269416 158.3540337345405 163.1103920662322 158.0790941269591 164.2467655693713 158.1455026233753 165.92166826548 156.3201842373531 169.1892431568863 165.4629867976521 173.9942527786478 171.8284027743958
40.44749683231337 29.1547594742265 28.63564212655271 38.27531841800928 48.16637831516918 54.08326913195984 64.66065264130884 73.35529974037323 79.47955712005447 23.76972864800943 18.68154169226941 21.95449840010015 21.93171219946131 37.44329045369811 43.93176527297759 53.60037313302958 66.18912297349165 75.53806987208503 12.72792206135786 0.0 18.35755975068582 21.5870331449229 35.05709628591621 43.73785545725808 52.3450093132096 60.41522986797286 76.11832893594026 29.12043955712207 34.13209633175202 27.85677655436824 34.828149534536 46.09772228646444 53.41348144429457 64.35060217278468 69.8927750200262 80.4114419718985 37.33630940518894 51.24451190127583 55.78530272392541 56.64803615307419 53.82378656319155 63.63961030678928 66.21933252457322 76.66159403508382 89.20201791439474 65.37583651472461 67.00746227100382 59.43904440685432 79.37883848986453 71.58910531638176 80.44874144447506 85.9127464349732 92.76313923105448 100.657836257293 80.62257748298549 90.13878188659973 85.70880934886448 90.24965373894794 97.71898484941399 89.00561780022652 104.3168251050616 108.1665382639197 113.3578404875463 102.4890238025517 103.0776406404415 109.7724920005007 114.0043858805441 117.881296226331 118.8486432400471 119.8540779448075 123.1665539016173 128.4562182223967 133.1840831330831 118.0042372120595 125.674181914982 134.974071584138 132.4386650491464 129.0271289303145 140.3887459877037 131.9469590403659 139.2838827718412 151.3307635611477 152.0131573252789 145.8800877433243 145.3444185374863 154.7804897265802 156.6045976336582 152.7645246776882 162.5607578722491 166.8202625582396 167.0478973228936 173.0 166.3009320478992 173.4012687381497 162.8066337714775 175.1485084150019 170.7629936490925 178.6393013869009 175.8664265856335
53.71219600798314 40.16217125604641 35.22782990761707 41.30375285612676 45.61797891182817 48.60041152089147 58.05170109479997 65.19202405202648 69.33974329343886 38.8329756778952 29.1547594742265 28.44292530665578 18.43908891458577 33.54101966249684 32.4499614791759 40.71854614300467 51.92301994298868 61.68468205316454 25.0 18.35755975068582 0.0 6.403124237432849 20.24845673131659 27.01851217221259 36.12478373637688 43.18564576337837 59.13543776789007 30.61045573002793 28.17800560721074 18.02775637731995 18.97366596101028 29.5296461204668 35.38361202590826 46.04345773288535 51.92301994298868 62.29767250869008 35.0 43.41658669218482 45.04442251822083 44.18144406874904 38.07886552931954 46.22769732530488 48.16637831516918 58.309518948453 71.06335201775947 60.53924347066124 59.90826320300064 49.09175083453431 66.75327707311455 56.92099788303083 64.41273166075166 69.06518659932803 75.6042326857432 82.75868534480233 75.61084578286372 81.74350127074322 76.16429609731846 78.40918313565064 85.15867542417507 74.33034373659252 89.15716460273958 92.17917335276988 96.21330469326995 96.56603957913983 94.76286192385707 100.0449898795537 102.4890238025517 105.9292216529509 105.0809211988551 105.1094667477673 107.8378412246833 112.1605991424796 126.1150268604023 110.0272693471941 116.0387866189577 124.1974234837422 120.3536455617361 115.9525765129866 126.5306287030931 117.0 123.4706442843804 144.3606594609487 143.6836803537549 136.0 134.3726162579266 143.1362986806631 143.9513806811175 139.4632568098135 148.3273407029196 152.0855022676389 159.2607924129476 164.7786393923678 157.1146078504478 163.1103920662322 151.1985449665439 162.7882059609971 157.6483428393715 164.7695360192533 161.4001239156897
52.4785670536077 38.47076812334269 32.28002478313795 37.0 39.92492955535426 42.43819034784589 51.73973328110612 58.7962583843564 62.96824596572466 38.89730067755345 28.0178514522438 26.0 14.0356688476182 27.85677655436824 26.0768096208106 34.53983207834109 46.09772228646444 55.78530272392541 30.26549190084311 21.5870331449229 6.403124237432849 0.0 14.31782106327635 22.20360331117452 31.01612483854165 38.8329756778952 54.58937625582472 37.01351104664349 34.13209633175202 23.70653918225939 22.02271554554524 31.32091952673165 35.0 44.59820624195552 48.46648326421054 59.09314681077663 41.23105625617661 48.70318264754368 49.49747468305833 48.01041553663121 40.26164427839479 46.64761515876241 47.50789408087881 56.4003546088143 70.00714249274856 66.2117814289874 65.14598989960932 53.60037313302958 70.178344238091 59.43904440685432 65.92419889539804 69.83552104767315 76.00657866263946 82.13403679352427 81.15417426109393 86.49277426467485 80.62257748298549 82.05485969764375 88.45903006477066 76.6550715869472 91.0823802938856 93.5200513259055 96.51942809610924 101.8331969448077 99.46356116689167 104.3072384832424 106.1178590059185 109.3709284956473 107.7079384260975 107.2054103112338 109.5627673984187 113.1768527570899 131.0267148332736 114.7562634456176 120.2663710269833 128.0156240464421 123.685083983478 118.8696765369537 129.0310040261642 118.928549978548 124.8118584109699 149.254815667703 148.2228052628879 140.089257261219 138.0905500025255 146.5776244861405 146.972786596703 142.2005625867915 150.5722417977497 154.042202009709 163.9176622576103 169.3074127142695 161.3753388842298 167.0029939851379 154.6350542406217 165.8945448168806 160.4306703844374 167.1705715728698 163.4900608599801
58.69412236331676 44.55333881989093 36.23534186398687 36.76955262170047 34.0147027033899 33.52610922848042 41.182520563948 46.86149805543992 49.8196748283246 48.02082881417188 36.05551275463989 31.89043743820395 18.60107523773828 23.3452350598575 13.60147050873544 20.591260281974 31.78049716414141 41.48493702538308 44.55333881989093 35.05709628591621 20.24845673131659 14.31782106327635 0.0 10.0 17.46424919657298 26.40075756488817 41.48493702538308 50.24937810560445 45.25483399593904 34.65544690232691 28.17800560721074 33.37663853655727 31.78049716414141 38.07886552931954 37.44329045369811 48.25971404805462 53.15072906367325 57.4543296888929 56.08029957123981 53.16013544000805 42.19004621945798 44.14748010928823 42.5440947723653 48.27007354458868 63.24555320336759 75.71657678474378 73.35529974037323 60.16643582596529 73.55270219373317 61.00819617067857 64.93843238021688 67.05221845696084 72.2357252334328 76.00657866263946 90.0499861188218 92.97311439335567 86.40023148117139 85.70880934886448 91.13725912051558 77.23341245859851 90.4267659490264 91.48223871331527 92.13576938409967 109.6585609973065 105.6503667764575 109.2382716816776 109.3709284956473 112.1115515903691 108.46197490365 106.7052013727541 108.1711606667877 110.1362792180669 137.568164921976 120.8801058900926 124.9519907804594 131.5484701545404 126.003968191482 120.2039932780937 129.2594290564522 117.9025020938911 122.3805540108395 155.6470365924131 153.5871088340425 144.2567156149065 141.2869420717994 149.0033556669111 148.3374531263093 142.89856542317 150.0299970005998 152.8005235593125 169.5464538113375 174.5451231057459 165.8945448168806 170.4963342714441 157.0 167.3618833546038 161.1241757155021 166.9041641182149 162.505384526175
