0.0 576.6463855386462 188.0618844897912 410.0365507219824 139.0974526492801 656.540352353497 76.22604357135604 110.2284437119042 630.8475593458348 168.2040662723393 752.1425057585919 559.9619630310264 543.3377696573808 396.4476608725589 329.8594350279934 302.8797154259664 777.3182076779502 339.5981000009287 595.9859901398545 462.6491581505639 329.6024597497117 301.6372075652841 475.0714645764949 588.3357629681739 444.439513893978 285.128596042697 589.2891792976989 644.5900605734647 533.8918652248257 89.03192935454645 571.1339620701204 463.0537936121875 270.2577329102952 40.17283088011776 172.429160787857 697.447990123346 606.1230037389115 487.2132530882104 635.5955689832871 613.3850909917139 603.1173764944085 602.2763710464234 489.4751889662193 416.4262001628987 434.5750561760765 372.2021248398191 539.4867926883292 104.0696121612749 488.1030615597331 498.6955068298407 465.0371224324862 231.7979191999874 583.9212406530113 349.3512549769289 452.0073657928444 307.3894026568012 637.0263538589155 462.6929578502593 295.3748848210793 723.0848104073066 703.2830654917996 235.8196245098334 104.1046319031987 445.4506945858274 404.5564961059229 752.3132916461096 475.3631304095849 501.5627603640112 669.970573999154 545.1797818371602 435.7158275627435 456.4318527124169 86.92280488579016 575.2641340032869 310.4193364176447 59.02946213615446 386.0265891234753 327.2552726517141 274.7108618278347 393.1791655590999 494.6889625206613 115.2680508438411 358.692368650911 87.483171974407 391.6790092093214 521.9474179201108 21.03979478732268 236.698810897213 118.1102257330903 368.2312123518605 524.0127675793308 335.4004777879598 194.2136876737081 211.8067550183159 110.3393104782909 136.0281922160871 182.9935916286437 12.48137346112777 619.4856172601009 175.7286389716179 575.8467654337596 601.1600460671178 24.62870701070895 398.7846661769053 295.7198783566248 513.5092904502349 113.8700257951613 552.1639736219214 461.3094580716445 504.714162756628 289.7817204066709 483.0568892496032 165.235117651058 622.9425209917201 388.4613201115483 561.3565153580947 664.1213937981297 616.9385493979241 517.8782818026771 575.0966853026646 238.5896583501965 390.392755307173 584.4065201683783 163.025261528156 298.7211096582243 236.8597359088157 653.8913722017828 464.4483380013934 554.9411982074541 723.9090822697424 434.2074051058095 467.5395400728519 341.3274817290866 388.8436908842382 522.9744615192011 510.4793408380116 541.027696011912 390.4756243033935 579.1124348261817 750.763233545763 424.1067048244317 348.5140792055299 202.3024465323437 509.7570622533862 504.8935657134394 262.3638167686956 489.3656212226024 769.7042549406372 270.4504000267763 378.7541158119163
576.6463855386462 0.0 591.1478716807096 666.2062349445787 488.8239719005286 81.93115624118043 500.6600458439444 470.8055055911092 68.7702887319601 524.9805788827005 325.2801515739655 220.4863115781959 633.0607200511201 422.4528246493467 428.0027140385071 403.6585589493557 433.6129336735302 311.3454492214632 45.82987320330849 136.2789337692959 540.6668741985928 646.8050245399335 339.4219643389753 216.9487374205767 138.6949200639088 295.115353262413 471.2635872852895 86.35345105351809 54.49328664213702 507.6529761406046 497.3020693987235 320.5500879335688 336.7033091012597 553.548526885532 423.7862119862442 271.9113472294602 38.14258979956092 327.1016820558422 338.9313511110878 155.0404630985995 365.5326527733839 63.41762935586423 228.7709369155334 593.4362949555208 647.0694750611136 232.3798873446324 80.34768231115203 560.4323762220185 439.4775372634899 143.2673153578045 174.3430206292885 392.4110654041619 176.2566406772652 268.7248167473531 159.8441834666756 269.4242198323725 365.8925230207644 139.8541383381911 428.3720531303537 412.8271790492753 281.6342959659407 599.0320454439478 534.9005093756911 541.8642836088044 224.9849601901985 425.2715774884181 274.8402132819728 715.4233327482099 264.6385570061318 111.660565578146 624.31061763461 454.3391149784499 590.6862324689364 598.4939721945395 289.5543436398103 602.1739399231669 370.1622996947556 451.1442227758857 457.0513767032962 434.0868212548087 82.0255200207766 592.2435529000519 220.7154156755664 493.7227343364866 298.2971520473758 85.19141328882235 590.392927726073 505.4431294229298 470.8126010384848 218.0006504155144 707.3633645469158 271.9193077834761 396.453227942165 502.0962011454477 560.4010422306246 469.0289759954442 412.2670972466854 564.2281305313614 77.79201231786926 462.0729251620954 316.008974440332 120.5631435922432 555.3875842231681 692.6436660544714 349.6386823558307 650.9577305364688 529.3705728242664 89.54826687147441 211.7088481513109 77.80630812480514 365.5222379070398 540.3745457876106 535.1904922927071 101.0933467371288 614.9176890048946 281.8288381281104 443.7486889641967 219.1641803946755 720.5067508238567 80.93907593198094 464.7140948748315 395.6993609763155 564.8461641282227 414.6730209890655 610.2755164497472 359.5040850271686 271.8004318940986 683.4058455969786 431.5289602254304 361.7466113917846 322.4450442188063 222.7639125284573 385.8470873471853 266.6306792734658 114.8003946828632 553.4360444246356 182.4984722940085 236.5842615645663 125.3943849557772 496.8373699025726 155.0516240386432 320.6180351381492 453.794155013976 439.1317060612392 485.782023014911 314.6852701348951 440.8031544766902 368.2645999774222 606.703436313441 615.2317304302068
188.0618844897912 591.1478716807096 0.0 222.1916877471661 297.6782430810793 661.9482762063896 191.4118860486182 183.5383688741557 629.7930857399721 68.32428907201742 681.5152531917348 502.6991143579711 366.7372939866644 273.9909043639335 214.9797847258864 211.0399121542449 677.2209436491689 444.3986599655926 622.4017399658187 458.0125782300666 161.923765906961 114.8018684261897 379.5006016883997 532.3779101489224 452.7188722471619 345.9721881225914 454.6304623810046 639.7190591416953 561.7398263205071 145.7412502106129 427.7885026498115 375.6831554108715 255.049627000714 155.4002964609463 185.7077523243283 634.5227771496845 611.6329745598869 395.4897043584242 543.9546448684127 578.688303982692 500.6360060798768 597.2901105977195 434.7165356751883 238.0549055021795 248.9348909489011 359.6102908142364 532.4837327685552 86.96228352056875 357.0533365995723 556.9139796946934 438.8186488558746 199.1231071473545 541.1854573106399 324.8648041817586 508.4805055146112 342.6885296107491 537.3220334329139 511.838173077877 190.5794666629217 620.2077200490558 638.1112621444043 47.99905319490716 101.6034735054109 281.3516398970511 481.3115956061504 650.3808730936324 404.5281559499271 313.7432831684734 605.3786171773481 595.2651331278048 253.0575178590293 319.8917712908139 103.5323363273106 407.9494008992432 391.392179942863 138.6607826750173 288.4541183790516 200.5817421264236 158.8406131668114 266.1018562746021 515.2008601786362 303.2480085849631 403.5778653947975 175.173308176933 497.829995619955 560.7814305166756 173.7897496088006 101.2581375435703 167.7055353575891 374.4383098777435 337.2020061970318 319.5058735641709 211.4984655423474 92.81407542672571 294.6636156270843 149.0259100028747 298.0173096396941 188.6552325463814 651.6363700309931 326.2187770992908 487.3575147546861 650.2865304812234 199.6580174398275 211.350361935049 245.9797875762902 331.927360470424 289.0646592578306 595.2343892025594 419.1433317464144 513.4203728983957 231.679146120349 321.6707662961417 59.06534269677263 662.3015037880343 204.5685916771306 483.6486703582076 544.6459839839258 561.6152208501649 330.2144577387151 563.640143265069 134.4627368444229 280.3022978363821 425.3089874264889 225.5717042987267 111.5260953314421 237.561550413593 585.0587061415147 277.0961254461915 429.2268765933595 636.5291031307146 349.6937579275788 551.763327890854 246.5517966940052 343.5976338553879 573.1504852867724 347.7594710979633 613.0305816895617 362.5773300308087 553.0426381358086 628.4025802709482 458.9431047959069 458.9392807598755 352.7347615561184 379.4781849817299 360.1121772012614 315.9823485339627 357.9129161689909 688.4515311762057 82.78037719707083 194.3091309732691
410.0365507219824 666.2062349445787 222.1916877471661 0.0 508.1995509375583 720.2357812331579 402.3279366411048 383.5753174928691 684.1563070360719 257.138014412161 645.8012344929509 507.5341157376986 177.8829731677538 249.5293345240394 240.0443685345952 271.8620141809249 600.2858882502294 613.4030683984261 706.4832222828394 531.7416284481568 130.9052413956413 114.5839725677454 358.3172578253391 534.1039576470633 540.4391660094889 497.7655445779932 348.7610303280242 688.8554027064475 653.5412165859572 355.0502641659338 309.9139962721324 367.8537336289367 373.6458395051484 375.7242141606836 356.0239891156841 613.8883300000988 675.0106299521049 375.6464393115 494.7453926144881 600.344061603152 441.730842842408 650.8478821149029 455.8863703909058 84.99245845141047 43.76772245054303 446.4225963158241 592.0031136624315 307.0685496174668 281.7937305825712 677.7587450851338 492.9497546529822 329.5167753725037 558.2131858879073 409.675937055979 632.8861131071185 476.1256629254302 476.9612295316196 629.38891185873 248.9047145235562 544.6639662630022 614.1066790349583 174.2604970248485 315.5541748373829 156.9764040642157 625.6477441423913 573.2021076716701 411.9293944762588 91.55202900016019 585.88177732352 705.0056345941492 67.0258330150981 246.8190887268941 325.4979811642177 239.0705342025211 549.9144346513928 360.0731557389888 297.7529484705207 217.2232816742119 229.369161165242 237.3837551400659 605.4943101264779 524.9929610111933 532.8049101602434 382.8247561152037 663.1882452462168 663.3180764204017 395.9614367065387 211.0224047243499 364.5459486060721 475.706158922195 117.0104234277423 414.508160577234 372.6612483896928 232.9288461329094 514.6582565358059 338.4451820568687 489.9312438874651 409.9653198533173 738.866311141874 531.503459114758 451.9730412158409 754.3933299366814 420.1946971167175 39.93668057307401 335.7147555664234 130.9290998244935 505.9367484541159 698.3284098420954 459.1595175380335 592.1389406491496 319.8681288278306 188.6821895468972 254.9829598611997 755.8619453041845 51.34645912722805 464.4087184624926 451.7469108367542 559.9011390473136 108.1122574450313 614.1061029680841 243.8455518446162 273.8945958197461 273.666840197818 407.3759130992773 111.6112612378618 376.2720332471827 562.404161432229 56.1442213452877 344.9943295961986 582.0581166094156 354.105382345512 695.5133813283684 281.411455145137 400.1185648553445 685.072425256666 203.1548654545901 741.3449184004479 432.7895817621939 588.3014060809566 521.4975356782558 570.6773546586672 630.5537999457813 556.222536624915 299.0030500242879 255.5118987462226 468.9051784410221 281.592322561786 637.5315603512628 139.5861905677594 51.72505033794468
139.0974526492801 488.8239719005286 297.6782430810793 508.1995509375583 0.0 570.7117126181445 106.6987878278486 126.9113590601323 550.2995437684777 251.0615365595932 714.8232284846118 522.9350575976865 613.2692056101046 425.5149379507871 363.5960853776329 326.2352518485092 762.1788957812638 212.8142646574696 499.7915808826538 396.1374550013043 403.29094310851 411.1641297004524 474.4029371691208 548.3891005708515 370.6863710488229 196.9700495830059 612.3520944355042 565.8848320243195 440.0151859191964 153.7713832626884 603.1779459449855 457.3203423600493 247.7201291975285 150.3868335091999 177.5862076364665 656.6848771428467 522.5354377738478 482.3899115922682 619.9513213983217 556.5761396247191 598.0213919494272 525.7539318555295 456.5258461399913 494.5755579062521 524.2331942330115 323.2350886387173 468.1880448678318 212.4915699047562 514.7839329041245 388.4498439070091 413.7104013581729 237.3161518838665 534.6449373594919 313.4293352693377 345.5754280559229 234.5786868033736 627.7503263304877 360.0506837908815 329.4311218772236 712.322542757859 663.9241526433025 341.0459192702007 196.3405800240297 505.5123940515016 289.2128256758447 739.609021910906 455.81650066902 597.4759827956893 631.7541258869069 437.3436508218965 519.3520613043636 490.4540283248654 213.3371799915865 631.9591080046551 201.9029411823614 195.1586503107461 397.7194471546618 369.8793031060983 321.3033788268282 426.2410147917279 408.1475175051754 103.5042221461396 269.3582478821291 125.4033691280141 261.5750590312929 421.9431184323487 160.0749332049951 305.9691599914079 146.4811500549785 305.9401212490686 614.5970306936649 295.8869166953752 180.9051190277849 280.8333059564459 71.8183935364057 174.3044671625089 78.47457114938783 129.7181856171697 518.8813931646099 37.50824543675265 561.3806504487391 491.6203164750514 115.5599935106028 505.1225123971388 291.1193167255995 592.3071289274441 41.33039934984127 448.0625615384457 421.9952715748076 425.3000190882209 292.8788566910342 537.8803945787448 253.6148698212832 518.0591730326461 476.4251146091551 539.5838513750559 669.9690886990621 574.7503078660255 612.4266751947841 504.4889793539701 288.8085761518397 410.8336340726117 631.4777428227046 131.3276588724877 398.2810425061074 214.6887589260168 619.6702084312133 558.5603801964081 572.2077563500558 700.6380445848264 429.5925977326603 344.7386112135982 358.508806665047 361.3546839937011 416.1415894032162 565.091054621158 421.5892154657173 349.899801722837 518.328591778455 755.5668842556015 334.0473042530456 218.3655673918887 63.29431603558502 534.0916137488048 542.3430106518334 186.3554798724921 516.2856604540378 739.8304355425568 373.0460862719159 468.1974807968821
656.540352353497 81.93115624118043 661.9482762063896 720.2357812331579 570.7117126181445 0.0 580.3992670038406 549.6563730884804 36.68128660994027 597.0853437113294 288.2353875532183 237.5312546375116 669.5778995627243 471.9880198078054 486.5035671158188 466.4779950127256 408.1880608817328 390.9716217562155 87.22242635379362 204.0098318929156 598.7878339203592 710.2709893234513 376.4870374413684 223.7572927219433 214.0475880541136 376.5116901489441 490.4588695904686 39.53435519841107 133.8133940965998 585.4663567096303 521.3029585505627 360.5487970551369 409.7685588344083 632.3498277674847 500.2609613496574 243.7642331503702 50.9310916965876 361.8207044395886 338.4235602460861 148.5352148835715 375.1312442330553 69.45719989870541 267.7783424154526 643.5670141961057 697.5444657144379 302.5470120333012 130.8484907417149 636.1272709322333 474.8764818534708 214.3541363253067 229.6386032077618 464.7571428079642 184.7052097020688 337.1711001902847 238.5504910970345 349.1649710501337 367.3234753899076 219.3805188064318 491.086052653399 398.0085449851873 253.0867473147259 666.5105632876847 610.8969048448233 586.5752170728334 303.7759266302529 404.8775252512593 314.1207846772331 762.2988480342027 245.3961753867886 172.6060125060425 673.5714711916653 495.0989631015412 667.3075256851034 628.3225577562823 371.401670724849 680.2248660449752 422.5040913594428 509.4806915364805 521.205940717868 484.0041863552289 163.1297279883331 674.1083107099154 302.2577981060379 572.6930453705231 374.0952224425631 160.2225174362149 669.7889768133325 572.3796266250308 548.7489729427563 293.2742035484137 751.1107997143189 342.88035080042 473.2485018206293 571.2131150460563 642.2552011965365 545.4580514100185 494.0132339206786 644.1647331188918 95.54777298908333 543.9899549548551 329.7302872830233 154.6449272686531 635.6463222819817 749.1367741205044 417.2298687224919 692.4071856208055 611.2097367881171 151.360413814731 261.1279602930792 152.5325015994717 432.5494024001452 580.0202907947695 607.3818506827027 119.5207607837133 668.9411705403983 298.4700085299433 445.9734402272348 215.0495867275903 765.8421808481879 106.2607115912433 532.31368746501 446.5685800387998 591.0327075555423 493.9985336307295 672.8279455366717 434.8336433641338 259.1489320272596 732.5113011533516 454.8442679172507 339.6060816497373 368.2451359405874 292.525572817506 444.3077581198484 326.7280240602175 183.2683620221995 589.8706547149675 238.2069841832046 301.1138934956815 139.1933882764518 486.3011409998474 236.7918734533034 399.2557946074221 535.520648895907 470.8665675592738 519.9927351011685 395.2584111325426 476.0267378030059 333.9577290758471 671.5831833145875 670.2794333471933
76.22604357135604 500.6600458439444 191.4118860486182 402.3279366411048 106.6987878278486 580.3992670038406 0.0 37.82981409795941 554.6221127397943 145.4962218905763 680.896684109432 488.0705006739578 515.1742376674971 344.5052221766743 279.0340380172508 246.6481336394949 711.7016500905032 276.7220072164001 520.6737695868109 386.6516919709916 302.3462605431808 304.5022045962865 412.2573493465922 516.0113608048459 368.2171420152388 210.7135184490961 536.4996869656934 568.371945487472 458.4718631877656 47.29318583890379 522.2537800251266 398.4713272216416 198.1710027532615 58.3763323665825 103.4186819156854 625.356225777387 529.9442994507925 423.148910857111 569.2562933279678 538.5641769929221 539.8108101326081 526.0766628106786 418.003003031277 393.0775158782928 419.9310716041322 297.2768593139629 463.3896770552703 107.9193458146913 436.1179645660165 426.4307153510886 390.3714572216275 166.2223713185872 510.0138598416189 276.0651122666249 379.0943777309989 231.2969732116837 572.585572167689 388.884086218529 243.9574926702701 658.5774180550628 631.4822322594597 234.3516127461571 89.84557816743309 410.4910756787167 334.7969506172185 687.3291418237784 406.9170378583362 492.1876663767317 598.290212595667 472.0432413446559 416.4694810835401 407.536475375346 116.4296292456449 539.2113336379031 240.0346600481226 110.4125829496814 326.5850415970854 280.9086652177412 229.4020177015645 343.06842903502 418.7521747312315 145.0709786070179 283.5576477023912 21.53325514153891 330.1481333922786 447.3759818747021 90.15655078878444 204.8595726658443 52.67672807195927 292.2077794244644 510.4132842964889 261.3808563734666 121.5204616797378 179.1927768649813 123.0877393324024 78.72676610255299 119.2301605408492 63.96815484573398 544.7027291149143 135.139348024195 509.5159620998311 528.1976081960336 57.46181574521295 398.4937606880163 228.8856055707518 491.1583449213043 106.2394371148105 478.195362072819 388.4268503694397 428.5041923950465 225.2876720235174 445.3277510972365 147.3807999849404 548.8818866314484 372.2647019238633 492.9469957492202 604.9191289336785 544.3140489192538 507.4227020717326 499.0662192493575 194.3718846506009 334.5513386134269 543.0935062626736 86.83514303093081 291.9163715579314 163.9605188868614 582.9829003212785 453.4886574166997 499.4850195640273 655.8643513462273 369.672766302521 400.2837341718078 283.3039855561267 317.6472155977367 449.713917098517 472.8326807713364 471.6094083786306 316.8417655554755 503.7874962460905 691.5685476300539 348.6653495582691 287.8966070688933 161.9820917380999 456.9281376278682 458.1103965503449 186.8439262269744 437.4992346341095 700.1667033384938 266.417344904877 363.6763193517471
110.2284437119042 470.8055055911092 183.5383688741557 383.5753174928691 126.9113590601323 549.6563730884804 37.82981409795941 0.0 522.8895814577608 127.5827375958981 643.6421826470887 450.9679665810125 487.0481004747674 309.1932600775428 244.4029155076038 210.6462440090699 673.8731036653903 266.3774741391018 492.8261458548856 353.2995487466596 276.3859430831851 292.2468975195347 374.6363719668723 479.066678327267 336.3721117562403 186.5676845156382 500.5234222539068 536.2213690044478 430.4839339305267 42.90224437213399 487.2770281452759 360.707765524155 160.9661604842013 82.74434352884154 65.60460538812103 588.3485486705688 498.9610105302136 385.4127628051884 531.4271037085398 503.1567276860276 502.0996546249404 493.6955303859995 380.7523254673546 367.6648010922238 397.9395673487626 261.9937936085227 430.3766475465168 109.3335133832173 400.5151291312944 404.1208752446695 354.810031605001 128.5895297558093 473.8600471977171 239.4702244719755 356.0798786080315 201.7318442512953 534.7976734164976 364.3811554264112 209.4271430082491 620.7786915598507 594.379779060696 222.0437651006784 85.50197908540399 380.4004518816044 316.3446199127683 649.5125759639809 369.155535386536 471.8823129789718 561.1451056145331 448.2864710999912 392.5503712256829 372.8493976097776 128.5464327935303 508.1422935141712 222.0187254603204 132.4180281101537 289.555776172517 247.7429064597598 197.2435301018771 308.284419597943 389.245139428204 180.992212773382 256.9860746093177 23.15429906127376 320.2110365553125 421.2758934596081 120.7569596059197 179.0730715031432 19.57072755348248 259.0612809978842 488.1682657798631 225.2520133855011 84.42027899504531 154.0319826280426 156.8839597080956 47.49815986157249 114.6440551833072 98.61865979444144 517.9556926511298 147.9315558112347 471.6862044239822 504.5274947187568 94.19100227019472 383.1781725572429 191.0688956061646 465.4227183362317 136.1712068922219 453.0907235444749 351.6784179275228 397.288614003096 187.6592118556205 414.0551449943724 131.8937300849466 523.4428595488845 350.1071242221652 455.1979072954795 567.6544223614496 507.4933943971729 486.5422183815268 465.7587452235371 163.3560892680745 298.2707318913114 510.281372595375 56.91506662486933 275.3522826153049 127.0531994848338 545.6290492040813 432.7951371487783 462.9714043737275 618.1055931472813 331.9219954178916 384.1055595068372 246.6843299993372 280.2777414563277 425.8470141459273 441.4654130188356 452.6478675593234 280.4696583515769 468.9805323758993 654.2689465736041 320.9550476117791 279.4301569392941 172.980511073239 421.0719789161391 423.8745463513129 160.1870828747788 401.923354529307 662.5733191761665 251.8154688530064 342.1143625796714
630.8475593458348 68.7702887319601 629.7930857399721 684.1563070360719 550.2995437684777 36.68128660994027 554.6221127397943 522.8895814577608 0.0 565.5980709140175 268.0159288621085 201.7533763818851 632.9900940285021 435.6600361148774 451.2484016366899 432.1393770960912 383.7713505287295 379.0663884117594 93.20105024178999 172.9461720381986 563.3310689287063 675.7555663874447 339.8121764739921 189.2742800215111 186.5282496700498 354.3508662833113 455.1944959318969 17.60444267801638 123.2088940043648 557.6195289059742 485.5172050911469 323.8806112882117 379.2290334690205 605.3795275231487 471.5220492700791 219.3120601996551 30.63148009432258 325.1789628340449 306.2048106652144 115.4724664193891 341.0484429441815 33.4682811220337 231.1492653578023 607.1788317795649 661.1600598888689 271.2445200201507 97.34633106556633 606.5714618402591 438.2686173741341 211.2140762628716 194.8350748585425 433.6735917557233 149.5373426282563 304.9671391526404 228.2990998930161 324.1378541114758 334.8092312050479 208.0730116097392 456.6727451710018 369.9185026226581 228.8923863394397 633.1402306614043 581.5860455280457 549.9428393338593 293.266853379029 378.640031334875 277.4602527464972 725.7038623451988 217.6895049249469 175.3124913470224 637.1147021475969 458.4186845358986 638.3592561719614 592.0950902276062 353.7125117339347 652.4433915747979 386.494334381832 474.1630131281204 487.0902869796599 447.6955597774237 142.6961168758664 653.3332550537357 280.9484512262028 546.0089337699484 367.0544031501765 153.7029373676058 643.4358183204575 538.9644820490851 521.0855720680055 264.692366968806 714.4398369690182 311.6541769608161 444.8249741313761 538.5351614067503 621.4300631897798 516.5787808890141 472.767408756439 618.5490893108114 112.2580272132207 525.1095945325936 294.8214643514455 169.0192378301266 610.5163640270976 713.3369164879902 384.3801473031717 655.7263225459827 590.3112602546271 153.1023822918195 225.2345970610125 126.4250956793061 399.4657493347506 543.3460075900128 575.9183975384701 138.0365585739117 632.8870268674247 263.0413721847689 413.5627303359886 182.6562265762608 729.199309261498 70.05690192147628 499.1792229579855 410.3789210556305 555.0933272282724 467.8972562350751 638.1377072227011 405.5053406011725 229.5102866276185 696.0279253880894 419.0452830578889 313.6576458860469 331.7742349542003 290.6667084220014 409.1206697545411 292.2174803880577 181.7014245841226 553.266659604696 244.6504820047905 267.8551513143009 102.8421400427208 457.2353972366934 216.8207169420754 388.819683312669 518.2110209466466 434.4149075921176 483.4483812645337 371.2432495083063 439.4249820763424 312.7919377780151 637.4546759360272 634.341001592909
168.2040662723393 524.9805788827005 68.32428907201742 257.138014412161 251.0615365595932 597.0853437113294 145.4962218905763 127.5827375958981 565.5980709140175 0.0 632.4682154026792 448.3979811097175 375.9942307775419 240.4484534977432 175.496969847357 160.6400623212445 638.2692193136784 379.788451092958 555.3414154980629 393.0968310246811 161.8700580930549 165.7340280318919 335.772632832919 478.0491486077922 386.3382085642515 278.3450100311417 430.4180913055249 576.0993915038866 494.3770892629513 98.40470194703606 408.6278946009276 328.8025888002869 188.3134712591599 128.9440904336636 118.3968445236577 582.9332328089936 546.524623545981 350.5613263110733 500.8297249706261 519.8382004174563 461.2909807046325 533.4506948101023 378.903556460475 250.5505297862953 274.6668225015343 294.552341333513 468.4964949570326 69.79224658399768 329.7811350081051 488.5910684584532 376.9465711812586 132.5876718190016 483.7450632065703 260.8852797548398 440.1629625602625 274.3653421728572 497.2091070932898 443.5432838659735 144.7734979910588 582.0054807876681 587.1804482580177 96.41635101759768 64.34211872500846 277.3341621665233 413.6910976707512 611.993708304142 352.6973202176972 346.7075499940086 554.0384315344457 527.0324381205436 272.2817295101184 295.3767784122522 103.9835565965109 407.1248653576217 324.74987570018 136.9873221855444 243.4658002648315 167.259830451423 116.9085931807509 234.9614260871166 448.1608085095424 277.5334138049187 335.2536849556402 125.7012191485287 432.8288868761689 492.8360781135938 160.8219676777321 69.35065067401447 109.3225085364691 307.5636815216789 365.1425378202272 254.2053560623326 143.5578644728373 46.37939845738838 262.4990828123418 86.03938286976387 239.0383493567165 164.2801265663942 584.2653455855161 275.1604667662886 442.5118809405802 582.1358331968743 171.5402151988062 255.598258617669 184.3956711783585 348.4564502275419 250.5249991481235 527.1963428082424 360.1366077672241 447.4143117977262 171.4336043406792 315.3036346390054 10.33636743022508 594.5457645406992 227.1391827669717 435.0911746912112 513.196083644928 507.3991284050056 361.9283478925556 500.5240512983927 83.7900472524232 240.6305652744473 417.3799788291695 161.7222760546449 147.8476907708956 169.4307174692688 534.7793096017598 307.9929922362938 399.884775729869 592.6138304769592 301.2717816005989 484.3045419117436 198.9895497326392 283.9021587535134 504.8946428026106 342.6420622775101 544.8687047106523 299.8687844141601 492.2989614341683 598.8714821146491 390.8846516835345 394.9559826673429 300.5186219233502 352.0511764634355 341.3507539136562 248.263705150044 330.8821370354657 642.7900107948767 124.4268800453128 218.355356605593
752.1425057585919 325.2801515739655 681.5152531917348 645.8012344929509 714.8232284846118 288.2353875532183 680.896684109432 643.6421826470887 268.0159288621085 632.4682154026792 0.0 193.1357445955722 529.7097671299153 417.5347543015607 467.6265636611479 472.3311750657491 127.3187491016628 595.9891059321318 360.2730061902527 331.3737536833672 558.0555213731038 682.6530873302377 304.1298409936104 166.4967949275549 363.4343302049703 526.7260470399568 317.8946223433694 253.6748502688071 371.9200385159589 665.429544646092 358.8508781593708 305.8892450315473 482.7305161815287 717.3608004308843 579.7306656772815 59.51342322560307 292.7103198402326 287.2764814521275 151.2867863304746 178.2730966960385 205.084387255274 261.877973431631 262.8973308886912 560.8126472934257 609.8774857255444 391.651763344847 281.7217414490527 692.7606739182382 364.0104817673226 462.9166048947886 302.1831159470617 521.9840818360929 184.4593278589649 405.9192287751455 463.42852453523 483.3805718175001 172.3992178834877 442.8356513917521 491.1598671052188 141.5326117825771 51.25350621647905 665.5571766492551 672.573379279619 489.4995310960512 521.4435844862533 133.6549393680314 280.2977139643248 653.2099524137101 83.14022291432954 436.8939378650912 583.4338432312144 399.8450011719735 728.5727170347583 469.4534238804797 549.181709717406 753.4323867342099 393.2107237413803 485.0472777737363 522.6820235312454 428.2437886824179 364.0563927885823 809.5559989667149 468.7091287926731 665.3679395972046 600.4404358266956 404.8702655536682 758.2138811763499 580.2738657724374 634.0354444814386 411.0598990965106 630.4833994630826 422.027388911416 559.3790663424031 591.6404990132079 779.041690277741 618.3186474936156 638.0215905822694 741.3270506121921 379.9005194874079 700.2642388158267 197.8580907256118 437.0081315209865 737.8304734474012 683.1954228121685 458.4187591149702 568.6020737979073 749.2649256960152 414.8271426425187 293.9917804777491 333.0897919948191 467.120087170416 464.0462214906644 642.0741621851414 405.3911996870025 600.0908991109075 197.8893963174367 228.4667343893837 140.4336261114189 650.2139628613602 254.2166716130278 550.0948540683017 404.2679838141389 424.5846608211012 599.7588122709745 644.4227902843169 517.0016461785085 98.44091577213794 635.4330607405708 305.2818403347969 77.75886674388774 332.0104595942819 540.2594948560189 435.2528916054192 363.4085190451917 437.8347344776731 460.1742858221501 507.7745827897349 366.5451788226744 218.1108279052286 227.5183712142759 422.2268427890327 610.2883962522666 702.2830202288369 347.3926356277232 394.3789326565393 529.9809586730789 364.2103016302413 46.26482675778276 655.5948450133803 605.9041430131932
559.9619630310264 220.4863115781959 502.6991143579711 507.5341157376986 522.9350575976865 237.5312546375116 488.0705006739578 450.9679665810125 201.7533763818851 448.3979811097175 193.1357445955722 0.0 435.3952233843989 260.1213270139503 295.7194509474911 291.6969881164883 251.7963016759605 421.5996175066501 265.9913252902196 157.7937285626628 399.4364007448225 521.2482755288379 149.7433849878933 29.69340858340023 191.1679523109143 339.1759078919302 253.859922861023 199.5312924104557 245.5026781386948 474.0673235231489 283.7889349530606 140.1567586722003 290.0024307525852 525.9130265272025 387.5693065241566 137.4973954249049 207.1607181100306 132.8951917102845 126.030583390228 95.61513406115748 145.2018766820251 173.5689445391283 70.7408381144121 425.5788426483741 478.8973748863637 199.8894183646678 144.7990697270659 505.1619949522792 242.2061841273186 325.2054178591622 115.7779918127245 331.4144115578904 54.01705342156562 212.78382557636 309.8795302788125 294.4386920232658 149.6652357837205 291.4288979971934 313.1898383316336 213.8160609055084 143.415171296594 493.1378188562246 483.8059589032101 361.6903616984332 357.702350665438 234.6657558026382 100.0620478501747 537.2681720645985 110.2433522386014 316.7183313777126 453.4434722084807 267.5764978599192 540.5927042637232 391.3042522580297 367.601614334444 563.7799137203538 221.6394369110344 316.2500643457363 345.4242135176485 272.1271031749582 216.9155278073363 616.6479032862396 288.6605738275602 472.89998866224 435.687240249415 274.5843490978609 566.7133931322971 402.7071688507519 441.8907816635102 222.7829895071814 522.4778900238258 228.9594221258139 366.6012565402087 410.5720651948896 586.281619807628 427.2508163702001 446.9085308094844 548.9739271330168 296.3559570746476 509.9602514649611 95.56838328579319 339.980268833071 545.148175801831 540.8478577605923 268.7259408135189 462.0266127911891 556.6950401606075 297.8887910084683 101.0902685254687 185.3588937266298 278.9162050326342 349.3409020762367 458.3645632462976 320.9923438882151 457.5428074478344 61.90847624949658 225.2475192584934 59.01783542627807 538.8531798779279 141.5885575510935 368.6403795817293 239.6370212429767 353.5194182870111 406.6231006296529 482.4947093502052 324.1139439905086 96.74226366302389 511.0451045582211 217.3223589509405 183.0009638753564 158.844837384413 393.2565502733691 257.9313275456703 171.2266221219239 308.8134930191816 356.3078866362825 383.7206072803816 173.6111693368034 99.67132947697627 287.6286294248102 254.6181744188997 437.702169994355 513.662558598688 235.5850897031414 285.6584461286735 339.6274719563897 243.1808160407163 217.17402859843 488.6801880785712 460.9722993287156
543.3377696573808 633.0607200511201 366.7372939866644 177.8829731677538 613.2692056101046 669.5778995627243 515.1742376674971 487.0481004747674 632.9900940285021 375.9942307775419 529.7097671299153 435.3952233843989 0.0 228.0360292626444 265.5265788967416 306.9036118755586 459.239443723023 665.9916258574789 677.6275031284764 511.3594214350975 214.1551682219616 280.9854596814951 294.2353371084366 456.1003902259054 530.2457224741387 545.5949726166543 212.2213837527887 633.2033852205268 635.1515415884497 470.6365915702205 170.9506805662041 312.5140625973927 416.2226678283932 504.7423726924432 439.9501353649887 510.9554467042511 631.7397138828637 308.0110868367182 381.926951809942 530.7396702260039 328.2991186573029 601.7207975087769 404.9430913726519 128.682394950477 134.8695949340914 449.6243768165142 553.1714930020679 440.2603292499414 194.7623047699935 681.9586757503833 462.3328728658368 391.7041394674928 489.3987497642158 418.5724651419645 643.6963948061734 511.5917665953861 357.7170629292603 634.6354051353138 293.766743408915 408.0710134610027 508.6823797887449 321.4974986960454 440.257975390891 111.7366419407712 654.504323560316 433.5912429499771 358.462420099111 134.4399107977258 486.1646201229848 697.7100294514668 118.8299323550918 179.9584910499923 466.996658205025 68.01539796447184 598.0525684994969 502.7396172863281 281.0743365458214 251.2412690859045 293.7447276562623 219.5930045268027 590.2200031099867 653.3474101338268 557.5746670944129 493.8108255560325 708.8716491519286 653.0585076968018 533.535091077097 310.6329822778446 467.5931495836339 485.4322633407456 104.6605068913814 430.2797358444669 446.7033590422621 336.3764325955998 636.7127609050546 439.590283494979 574.8291277861234 540.1290034826483 710.3898182785022 628.2836053885226 355.8668287501078 739.0609432109261 547.5057894346933 215.4738818538921 367.3518246125279 49.64112876553482 621.291549812701 685.8744574035351 422.8117410594337 568.7715641804044 355.468028089313 94.92785041658983 378.1752244330499 731.5607325298494 166.541508144854 379.3578579160226 311.0459032668183 476.2871186486292 126.229930883509 565.8369617554946 324.579766735771 254.9634114447588 111.4329446248067 491.9801247164126 261.0825977998127 433.0549146303563 462.5118585430837 134.9857627358492 228.4460641640051 457.2435017215241 313.0550001451793 718.7929357721318 292.5603652951212 389.027760416711 681.0706797382288 79.81338776748979 747.8285128853436 425.4826100348192 530.5691580867631 366.3414824721386 576.6726715020495 684.4893085202632 649.3050578631112 199.8586377010731 149.8100735984118 521.287274951182 193.5823027257819 511.4578429266905 289.1277744134712 177.3236407699527
396.4476608725589 422.4528246493467 273.9909043639335 249.5293345240394 425.5149379507871 471.9880198078054 344.5052221766743 309.1932600775428 435.6600361148774 240.4484534977432 417.5347543015607 260.1213270139503 228.0360292626444 0.0 66.59648437293495 99.35752623382442 403.3530446042735 442.5866148867288 464.7953168368246 292.18904860458 141.3892115025119 265.6285272887691 114.7827065925342 287.8430271139426 307.063883113316 322.9578373108077 192.9001127020578 439.7740804254601 416.4977944968015 309.437888047065 178.2079425757432 120.0200089513691 197.0384862214303 356.5320747574377 248.6432112051043 377.1392235370361 428.1156352766223 132.2857353125168 273.1166889998652 351.3789968445607 227.2579885530475 402.5308497773715 206.3723326903596 171.6777348908336 225.6220967928738 222.147576422538 345.6588773112369 309.3226657976823 91.844264994856 456.0673631552486 248.1129973936995 188.5312327282592 309.4407770001024 190.5370743225684 416.4495424072116 285.960064959236 264.1563671815281 408.2457781060976 101.2544703520421 346.2661055092673 378.9870272107191 250.7863618881809 296.759810676728 122.7000063145325 426.6509404503159 376.4443580746787 162.6566925561208 293.0354307445796 348.1369047379517 475.133661881792 202.1063415465489 65.23600933640346 344.3360946821243 220.3916723678298 374.3580468429229 376.2274260170504 54.24558638627602 74.00543140303968 123.8600160878716 12.14952376479961 369.7286421900066 489.5700575163812 329.755011762562 323.6183062459116 483.1156994113401 431.1854107863615 394.4024262863607 175.7174332451254 291.9405942979452 257.5531841853388 286.7340440162307 202.4839690127289 245.7344328732766 194.3910481271639 466.0558827535128 266.2843094638296 371.8492548564989 389.0292559023562 497.5892349129032 431.979712495235 219.8012139560054 519.8898978535292 391.5603175685964 281.2851669798308 146.6439607969385 234.1085401980233 443.8448018343848 465.1153395846761 211.8818983689211 351.8606651084183 138.3286823219958 134.2057115643466 248.0988180962861 516.6225312301415 198.6892674396111 223.8555150484156 272.9117722909109 315.0060322284089 298.6567825332831 365.7277489177017 159.1779117865923 27.64068625383714 209.8063474579463 295.0637901296831 227.1542859464479 220.7508921501554 325.7199607622052 261.2069477138506 159.6263795345788 365.6673568954013 104.5826687079702 490.7786399998506 70.23993696438623 163.7490336140602 457.3073350753954 156.8107287377211 521.80057236018 199.8027409276636 338.8136043840946 358.4247937482316 349.7750735713724 461.2487325040058 448.8800111515318 113.3113718188857 117.4298686368563 301.2576971993021 93.17017360179872 419.1388471051625 238.2898199793939 201.3946579172823
