0.0 119.0964595636427 169.6463385852897 248.2963848615242 161.4155137705534 507.8132017674614 295.5912359626703 199.7214207176041 543.8991442234735 430.4596852990246 164.8979559861507 382.8128879804157 409.242565898283 424.7635558482872 272.5949905571196 87.83050735027697 155.9553760300397 187.4354433863481 225.6099569033453 200.9438028590426 249.1814588318411 301.2723214487801 331.1591402118527 284.8058041210077 354.1109823287154 243.8869583201758 201.6106993074795 220.9656572558213 304.4506768016822 242.0623035193073 175.5119232980304 404.1907569598986 265.4283565942868 149.1372525647616 197.8293318310514 417.0094175898182 299.5438247724592 330.6568418700445 65.27129603769322 319.4124255422157 37.48898955354977 325.1946251662509 206.7295744978442 313.1442566500051 97.81482358883163 180.5382882166859 318.5515948747658 348.3966006856315 393.9713074320135 104.816733378995 368.6749117422347 527.7669327855374 376.2861485154601 174.4884259449204 388.3853065076747 505.1867959229313 537.2561404600481 388.128324775429 270.0858631232275 381.666942430704 168.4032733415922 135.7580029772001 271.2841449196991 281.8371312741581 475.305325473456 388.9028245227903 411.3797127402067 299.9562509289484 304.3033054077696 241.737212406183 65.5610787649957 452.1077941314903 465.2911671571847 504.3326112316022 508.0437284325388 127.4233551538822 401.7819721547583 355.2645513649236 301.8442764535338 169.6604653713797 383.6736504495977 553.1644439554956 188.8028902778714 419.1986570226923 344.7395689033761 355.5036964453801 382.3179217841472 307.7425338874459 303.5239852588452 319.664557970681 526.7561424892307 403.3340704364622 262.7239426734654 342.264268013315 302.2880600053151 400.7587172325345 251.0039229988701 321.0610912694823 498.8531924039284 226.935701957851 586.9433468682715 523.2390361874455 419.9685137447684 173.5068731773827 115.6014862915212 327.3398516929461 184.8528373782553 197.4050110014375 160.1737878265252 297.3385866250194 587.9854066921686 121.3380002797717 394.4515409578724 197.1320590066664 187.3359383483374 274.1421705439391 120.9914742809365 174.7330594759032 459.3030748024682 391.3723819244246 303.4903000137452 380.1251495303643 589.1388027135864 202.8872311135198 321.6509091421048 235.0936830392017 150.4089978551946 89.76011101939437 166.5693350361413 81.64223139615409
119.0964595636427 0.0 139.1917717358714 130.3704652286482 274.6303056486321 390.3451328061385 365.4474922088369 137.5668923768629 467.8452293499104 323.2649448970452 282.2410186962086 309.004111773868 313.076895907173 317.6499857315076 230.1339280758848 191.206578557822 112.5454295596255 109.0975497517436 198.1612270405055 86.74847510105461 157.4865178862037 192.2968446079161 224.1072443408083 229.8687108165727 374.8746829965553 327.1324324828681 170.0335995513783 274.7958271909093 259.4539245706559 215.310241243757 132.9248326705056 403.8792483743534 172.6450541041682 132.3929836361494 80.99124135605985 410.1220939528462 189.1523453833312 235.9430359124019 105.9924813129876 207.5183080028714 114.1233137129098 206.1089758335066 223.0470410571753 195.0128569817351 213.1930435527763 74.1671042631263 207.0692286080607 374.2141342426746 280.1302271522757 39.77294914846976 249.6056701095144 442.396205927634 259.5960084125165 74.82809857194331 272.3182487523511 433.3210070194201 464.5776355557353 274.7395949277962 242.4432533480028 262.6042085780783 285.569938940495 203.1265246044991 308.9310687925842 389.1160328740973 401.6580226370683 391.6630138493788 310.0813706892561 326.0237522152901 410.9536483098782 304.1391038877821 92.01356301320345 339.4856530950437 372.2355748661001 414.4879434299997 419.3674356946171 246.5156198607324 359.1781716910123 307.2890428011222 228.2449040576 59.25407500713823 321.0599159096967 491.2869348812923 179.2923440479345 412.3507430592583 342.0848539453508 457.9899263598733 308.645224334806 406.784868481354 286.4694955936279 313.1803556881937 412.7950397415693 303.6107509932807 149.0278551945541 319.1679172985002 236.2707278454298 298.9936128044801 323.06335468763 332.7740663392702 402.5665127939195 175.8845141956361 538.9301979705976 407.0361929970966 365.2463202106276 203.6325931880505 184.7385086594729 216.9623711945353 228.4545460854168 136.6602597889906 279.029184901508 298.926227703647 547.7112284723077 174.0304271497516 392.0904474069516 154.5444814977751 230.503435252958 211.6004077152012 146.2358245449312 57.56620563195977 442.5711493523877 273.3249824365368 245.799317726009 267.2427700163948 547.58722321706 305.5541328499788 318.0480689031373 180.237298662448 205.0986601212038 175.814087958319 270.553030152731 57.19837622433403
169.6463385852897 139.1917717358714 0.0 220.0633040510382 257.2137574957939 408.556947838165 463.998648304453 48.62769162747983 596.0881576849592 300.7071021049357 278.6720513430091 441.2907859346925 262.3244295633381 295.2245119549689 369.3176873350841 177.2765764182712 249.9608176290608 68.01556400852728 335.740034732995 140.7227805907854 117.8599208076036 190.8098464162195 210.9173068144163 368.4809050077824 502.5034542704954 413.5262563771105 307.6166545512803 169.9237593613934 398.5822037300758 78.32278218510086 271.0431523304986 538.7322816729194 131.2746292750327 264.7545783111917 189.1094199337224 546.531657613302 193.2643698667206 357.7018279331784 105.4248876410268 213.9323685637265 134.7594651708 262.988146430083 349.1359920831205 237.659725146262 215.8264743551821 114.4644019071414 211.954203518572 499.7145510408527 367.7403533899841 103.3977334485608 299.8370470498672 564.9069139649263 337.7594358230633 208.0562109948011 289.8252296648651 564.2351407205985 594.6637415906212 364.1420387999034 106.5963771296121 311.1140512594251 316.8499233278815 135.5113091485027 427.7263535989546 442.4589451218059 532.2042046785016 252.5777397263743 271.8537177338808 450.690775587394 465.0313818666559 407.7328313563092 104.3687667983312 426.976390252186 489.8331838304105 533.9155786250054 539.696635112563 264.2799688464224 498.1230233985775 186.0086569356119 362.7504976721094 121.0632766545509 457.0350561802842 625.5817891241503 43.58893308798946 548.7672416266478 202.8999588122988 518.8053838148479 440.9990886921512 473.7411022892693 423.6938154685528 173.9989199925039 492.6553553200034 416.5483123177527 175.8332210276205 457.5378829505837 372.8404084220163 262.7506614612478 419.4910282636583 463.201972311153 515.8452421610646 315.0736326991746 676.5027877827503 415.9687114186248 502.5713795734923 322.8360725102588 129.2014112019385 318.8308140565128 341.862650108928 45.84169447723106 299.5868046965487 432.0290512053279 686.3519811976444 106.124338245314 527.351687715694 28.78133696772715 125.1587823504459 349.39511075252 70.94051957438279 141.2748676171053 580.783851882307 341.8153975555204 134.6313924065876 269.7629959325794 686.088953652662 368.8660563696054 178.876658726047 68.28957906239805 311.0643572750553 146.4359154262298 332.8224570373953 105.8688601776427
248.2963848615242 130.3704652286482 220.0633040510382 0.0 404.9101161177926 273.7945602106251 449.6075926832862 188.1612240812652 386.0384882075905 241.0389517463932 412.4338823311953 243.7714506230593 257.2974891883676 236.153645163189 225.3765379187615 320.8197534335349 163.5420989733705 155.9614631852086 221.4905134468138 79.61007077709814 152.3727445623523 127.6442259510527 156.7847471344307 208.6482436804989 413.7878980033998 424.5783359549218 200.0139118735783 383.6665851493041 243.8559479804975 276.1593553042864 170.6252456277059 418.3180789445974 158.1865673984001 195.8258449079711 50.71074337181572 416.8610790744072 120.5599855819239 147.7050246019151 232.0869795544355 127.9983755212635 244.0103770561012 83.23202480392132 281.4826928259313 85.79320255493563 343.535782920152 105.7179528556318 129.2126675195154 418.1120382215007 152.8934559217506 159.4938836752376 125.6413444109447 349.4404924761131 129.539306535964 90.15535879414038 166.372565277676 359.0174078818652 387.3592639011101 148.2135090345706 296.6157122355305 138.4806074671685 411.0242758697126 323.4052431265808 370.9322279751485 503.7355517322079 327.1462893790472 455.3365470548227 243.491615804485 375.4701173298377 524.5582051739307 387.1894150511272 218.412955100886 212.8983371249448 272.1627039517733 316.747794118838 323.0063311449458 375.3807848956394 329.8123061581567 327.8881007998637 179.48176123313 102.1688088886132 270.3010531029951 426.4863101021 263.3326909853967 418.9227384994461 405.3315940461618 566.7753817454719 243.6662229366613 513.6973283948822 298.5189072362272 376.1727307582867 284.2847094692936 197.7648573879099 84.2972608191932 318.8217386241632 197.1746408518769 232.6891773530391 412.0632118288162 367.57966784668 296.3869903224082 179.8316898305894 488.733892346046 294.7504916655431 319.617588499253 277.8481205834671 307.0944655605013 98.78504691437797 307.4448715160835 189.3649617779963 406.7976737019836 328.5133932067241 506.3325941891975 292.1107225792489 405.5035825123427 218.6231283303325 337.8169571065803 185.2080090675228 258.3392419940105 84.90697854093627 435.4815525680372 143.1064002564329 265.3351822264482 173.9436078648874 504.6975892603866 418.7688315556788 383.0169455663172 221.6352930610455 296.1444062530944 303.0097300586373 386.1339020939404 183.3403887696493
161.4155137705534 274.6303056486321 257.2137574957939 404.9101161177926 0.0 650.2470966246901 328.6797623158223 303.3361387545354 696.5883808185035 555.0096303529541 31.11113632571551 536.9700742675013 519.5352831579233 549.4030308686007 417.2932407328979 86.18784326471969 311.466425629804 307.0399265725918 367.0611135935816 346.3093827285908 368.5552502030998 434.2135819244479 459.9609065673443 434.4502661441185 443.133918645608 264.8982832705797 347.7707078983722 177.2844375976357 448.359894364695 299.0054322077345 328.6914433963777 509.270241936004 383.8018284975469 296.9440015234482 355.4806951609932 527.0684534659397 434.3986021383905 491.3231810981191 178.124948778016 455.3592193104008 161.1424532646024 476.8796521562697 322.9759806242265 460.5112506689553 63.82377008739269 321.3267068438375 453.9508456892168 432.6444575214859 553.8271863987043 248.6484278427198 519.6412931388608 684.5481893349612 534.2254025336324 335.7305332451596 529.2608664890953 656.3783804862225 688.3981383382012 548.1710187083868 320.3121060733341 532.420835003767 105.5941444463395 129.3477940747334 353.8652904055417 229.0733366567216 627.7824022789939 376.850758951156 528.356549308472 390.4059067728335 249.1429760443195 298.9536200144856 190.3321717274135 612.522324884091 624.8852410384092 662.8056865676888 666.1208244932706 66.76691876361929 539.4170075311603 412.8551946426473 457.7973764418546 314.6495784832034 532.9547234914896 698.2155215156563 247.051598416407 529.0747051852082 347.4649683715509 305.4720730863877 536.4317328526491 275.7755094165766 430.674306532634 332.4478954091219 686.6847169120944 564.410070510201 403.847334675003 470.4111235006174 455.6056678187043 518.8963314250728 290.6034751093394 422.9368036497758 659.0735997007002 378.5267979211247 722.4165519663186 662.0702223575394 564.0789473540962 286.6992049138943 129.0073219534315 488.1540759644715 281.8538723272936 300.5110824596034 79.43443793883064 410.9883772390077 717.8375864184902 152.6024605590842 502.1374473456512 284.5465605800539 179.0878484107694 427.2766818540737 186.2802190596415 324.9720269464593 575.272076961166 547.5146961178706 380.1544267237001 515.3331794549337 719.9135266417962 190.7282602793125 330.2561307130011 322.7732170370833 248.0440125399529 112.5930917376642 168.4235887127819 223.5495252472948
507.8132017674614 390.3451328061385 408.556947838165 273.7945602106251 650.2470966246901 0.0 720.3229540355899 360.1700321159539 475.3096392322093 136.5547409500453 664.2212975742194 410.327506118622 203.9781467881804 139.4144086246027 464.4858682221386 564.1429915489911 435.4455189103595 346.622495121526 478.4160512980915 307.1504450785105 290.8429437891932 218.3687697579182 198.6593795288725 438.6757416008743 662.7483327601004 698.1145622750483 462.6691197566236 572.6800409700342 470.2111653842138 416.4548473159309 439.2087259551171 647.275733753422 278.5721736508759 467.8773943913327 321.4085870892269 638.6174606518064 217.0108575779623 324.9273692101672 472.4731930575556 195.9470059628944 493.1412533083589 190.5796030009434 548.0520369802579 195.4787950860986 594.7865396935129 329.9770858406841 197.6376415032371 670.1950100097271 209.1919779983114 405.3374842923569 149.6412519453898 419.9612594894768 188.9929500203433 363.9221625747912 120.9913610033086 472.3651872975768 487.1088973204805 214.9053324640272 419.0847790996091 137.6512985856999 675.6998408279787 541.8416644560795 635.0626408582157 776.0081611849948 448.9238438642349 549.3569891132171 177.3859251624969 633.1171280158616 797.1848593867945 658.3852988022127 461.015176928013 212.0344697798213 351.6409817782897 384.6486310515119 392.6746786319044 633.9883345776337 523.6008432768022 382.5860058651563 392.8377320140895 338.8268461354552 449.8915851153174 544.4081053321399 439.8164364360184 640.3131112886036 509.4862515557546 840.3821106804234 410.6673043155925 787.4133558717297 538.1952135758473 487.2135615589023 208.8183252553305 302.0049590664236 246.8354699021608 545.4720828135139 414.0840410773262 178.64200636188 684.3719144051244 616.7272865504455 345.3369250040777 433.8982189067916 624.1900404100209 29.78160709838636 493.6379811669685 549.0595666821748 531.539706121547 257.5494992139331 579.0076531838633 362.8873956838185 667.7609279458492 577.3106619574882 654.7850670292393 510.5265260740238 634.6702061343119 388.6289752601037 530.8905133907505 417.6198943061042 473.2673428834858 333.3201631141388 640.5062487761146 162.7733980752016 349.3186834968263 139.0081777175557 650.8040460605017 691.238440651138 495.6630421540158 362.304939436261 569.6590488419082 538.9553488137483 657.7176165471132 430.4101380416485
295.5912359626703 365.4474922088369 463.998648304453 449.6075926832862 328.6797623158223 720.3229540355899 0.0 487.6280743966072 531.4082889883197 682.0435077145336 301.3121035181929 408.2605795212685 678.1264085570316 676.6335568114279 285.6557624092674 333.9858279211109 286.0659918333762 467.5059844442479 251.3685543016001 447.6382115235577 522.3541947750108 552.8804106914201 585.3695147408446 315.2734942015657 158.8199445927345 63.8749547296223 260.5257044216847 484.9055714949286 300.5037608100956 537.6523195154388 281.1174490822642 237.8564338419805 537.8277836729218 253.8235349659272 407.8995625262515 261.7824599001871 548.4308898264383 429.8848997400862 360.8595786920421 564.074488366604 332.5403423575412 531.3350633188107 174.6174239247575 534.4697614483588 302.0333956804904 439.527493295727 564.2332699341983 143.192098773067 542.04061657929 378.2180577449783 570.7319568802315 546.3952342380234 543.8312484332812 360.9204942717608 615.671783801769 489.0675440254357 516.3672393921078 535.0381979395368 565.6605309894824 582.6844106671741 225.9663977420982 406.1321262792596 102.3420602526674 161.6072644596754 471.5276939384585 674.7274737955842 673.4676796512542 130.5691727603576 165.1878542929438 62.56418899511406 359.8023410846584 584.2107087537668 521.0864868359046 541.6182243157538 540.8960686407972 264.8885638822667 341.4072547594255 650.0068652874492 362.7006062049385 424.219225857655 380.477922344581 498.7985059940939 484.1313037518992 263.0217402186309 634.3006767418345 166.6966462890329 407.6009481076835 123.4451318220064 237.1925064556539 611.2277521930387 655.9854447281868 495.2255211416038 506.0543115780231 263.9726875954986 346.0373329398628 662.2774707174156 44.5873811033272 171.3268355926034 558.2551847032217 294.1420618087541 488.9426695029872 743.164478412113 383.0033834389349 171.763449340355 390.4232839033662 475.1379905278889 142.2678193022844 485.7116803710468 251.1457294141595 192.0621838251091 469.9051162523841 405.4225604005485 237.4458033080793 490.3988708437105 465.1989866955223 327.5101919998671 414.6804598402945 417.1503821512609 313.512389846583 567.6565226240835 595.5996249525384 619.4328072374534 474.0931203977578 140.3462121766377 612.2489668622683 526.6202424386969 160.3605392436726 358.9736664084176 160.8152842470531 363.6685587763488
199.7214207176041 137.5668923768629 48.62769162747983 188.1612240812652 303.3361387545354 360.1700321159539 487.6280743966072 0.0 571.7203799599768 252.6965233569412 323.4160022979397 421.3998965809786 217.174251175007 247.1727863805638 362.7543583951665 221.1429682150656 249.7104513187341 33.68645181914212 334.7617212557136 109.4559618703582 69.341774093669 142.9368706863066 162.3092960320169 358.0341032888937 511.6412368462493 440.9579806876527 306.7688866917295 215.4734847796565 390.1946964225071 88.50704392668966 269.4537138444995 541.2419877178162 82.6660228357919 269.6452446958517 166.3269896470078 546.9299344383397 145.8071878738433 332.2003452639772 140.1772993917918 166.2130384998038 168.6706790918321 220.7594939990206 358.8800443907675 193.7793952949903 258.3709727095553 87.81426923011334 164.1517814291608 510.3476726750615 329.6680024131583 111.3775902485852 255.4936767882558 537.205015156082 297.9672320144484 195.2318538028741 241.9529791098722 542.1000454350944 571.6696636638414 326.613583373028 111.5638267366932 266.2970289901024 356.5788731646604 183.8987241141077 442.1346666525847 479.0869464407946 510.0053815910937 269.1304795629645 225.0216457478734 461.749127191053 501.6736944707661 428.9826357024719 135.0461969915707 387.9595285920723 460.306300279206 504.8534322620313 511.0386969619867 305.4959795520996 487.8901539651211 169.8698756352868 346.0383039791435 99.59403133185064 440.8753816863832 606.2655562113396 83.04400066896086 549.1519449515927 218.8248406724388 554.2270008890438 421.1706438168776 507.309264129433 423.0195276972631 189.4394614355198 451.1762456664001 385.8987794698324 132.4455280335232 454.3526088070208 358.436279801223 215.5940404305017 443.5643326529502 470.0973585503369 484.1546563577068 308.4271282985764 661.614897125868 367.3561838422518 488.0875672459299 336.2913097094463 176.6067105003687 286.1390854671777 358.3050923771558 2.84083263500915 340.978895678867 436.4915809979514 674.1108861311756 153.9367988737017 529.3629551022991 32.07051953689749 171.8101940603965 337.2931505410219 117.6725937562406 119.6280630848083 577.6712430747993 299.8730645652747 109.6383621562039 221.2814264483813 673.3994846334007 402.3328579779595 195.8709090472754 42.68361849398338 330.2658028364207 191.3149466447382 366.0255168961716 123.9954327620224
543.8991442234735 467.8452293499104 596.0881576849592 386.0384882075905 696.5883808185035 475.3096392322093 531.4082889883197 571.7203799599768 0.0 548.9790229491256 688.8327780149846 161.277362927074 597.5524019194888 546.8666734215061 282.1110381294047 631.729148499609 387.9569031637286 538.3711020186158 332.8735073934122 462.4326064000071 537.1084935270416 492.8854992539704 510.7337955582 262.3009653209582 387.9558127136326 555.0229421184863 349.2609943256736 742.1396602991312 253.2817778265525 660.2270284885853 368.9861272263195 322.2523480660768 540.6624621222828 399.6512339151166 407.2535961758448 299.9358281554713 485.2259641958398 239.5222815265914 567.1298424308169 480.4535642569874 562.8094681831991 394.2769133220351 396.7280531647831 423.9579964638119 634.5385616091703 484.7312610860379 482.8280621258865 403.2295091918631 289.1255843691811 507.5297134913759 393.3190139270224 56.57874042194786 324.3265164276167 393.0996512543898 459.4098584389515 42.76219378823631 18.88500088681547 286.9589196626108 682.0147599496187 394.1204831107723 647.4026243417959 665.7136262130947 430.9946796068511 670.8695172099402 68.81050254502614 840.5770348182804 573.9142985851533 401.0493933546193 683.0581502538423 492.660980009673 553.9317021789097 264.3420953178717 127.9596757677148 90.66416316268499 82.64971803643705 640.8659624380533 190.3092006742461 710.616136300847 242.9962372810272 475.5983260270954 165.2161612124749 76.75351761256665 639.4351628170498 300.1178393538419 790.3656949663846 697.138017484045 161.7470866773814 648.8840455566991 298.2919754634661 761.0419342227228 281.2646519741415 197.9659222660434 462.87989042746 267.55150359126 241.7169369271633 566.2034839303325 522.7842820018839 361.4047491616893 130.3835477907719 318.2694622777636 158.2171635649667 504.8909508471551 148.6800597930846 427.8163400470752 645.8481515831793 295.460956659755 447.1506667376477 572.5594211671844 658.1941946638414 340.3962538695283 195.3234327993265 639.2883208367974 315.2555809795929 600.3916072084235 698.2841664561523 269.9908560165339 613.9615084464634 455.169485524473 265.6557832048244 343.3420129966474 649.5526573187632 488.2841727915259 189.8660677007492 601.8860905154008 767.5804227166064 607.3452332826461 469.3718921007251 628.6274607116488 587.1586971748651 522.5174477526018
430.4596852990246 323.2649448970452 300.7071021049357 241.0389517463932 555.0096303529541 136.5547409500453 682.0435077145336 252.6965233569412 548.9790229491256 0.0 573.3416211674559 447.3435008303019 67.5741101487422 5.698926877993101 463.2912294137885 470.9357158355846 399.3002032945006 248.9842010328258 462.528268808514 236.9200402501041 186.5792185139541 130.9683048298964 99.56505458352713 443.0475321042809 654.762556918019 648.9999342818121 440.6858550224252 454.282346162205 477.8015540101836 292.6712206605342 409.5323234795835 655.6942861229742 171.2078187657786 430.3713852710721 275.307805344141 652.0228037520252 134.4072076503824 349.1708501841724 382.9645694831906 117.972764436592 408.0031217848 174.8955313109359 519.9547255239024 157.1709932656498 505.9307514498979 251.5317935030291 117.826570669123 659.1460478976361 260.174494462835 325.8333935816611 158.5599198869871 497.897417261498 226.319259385829 323.2757836373687 90.98338446601318 536.2591749006292 557.1818496304896 262.946081049926 291.0158014541921 155.5709822171773 597.4863161768457 436.1758812234369 609.8322193520528 710.4454904798623 508.1330503768546 413.7719973143767 40.87301180660326 616.1568187378831 732.6043349104044 619.572105191778 373.8273198534184 291.5301042829929 421.020115692455 461.2418185018396 469.1731405943976 550.148050098099 551.8132688562664 246.7016434305822 405.1450901288648 264.7345789888843 482.7865243133701 609.2460129241096 324.7053475461407 653.9858339482532 375.3511749181433 780.8968806352588 447.4957295464941 729.9989638061012 537.5680635438006 354.423493462835 317.3102202907277 355.2746491831851 176.2410772179594 554.3479624349486 425.4763198081196 43.66433085179202 641.7270472468913 608.4991396581521 425.8314881165227 420.5108312578071 683.7075025741212 129.8946851649521 531.1282437464695 511.9466949920433 429.2872776154655 275.9572515854485 540.4021362712683 255.5369546509687 585.3190120871861 569.3124233679927 709.0464461744922 406.6097299389855 642.827351767827 276.4291380599964 415.6473819922685 419.7997438444671 370.2994354620673 267.2282550260531 664.6557672962604 205.6910751857388 218.5049286730024 68.83303267358976 706.0756583683399 627.9848607756838 362.8747657565157 243.9764996546258 523.2360295653784 442.4594035670552 592.4400928536805 348.9740169688226
164.8979559861507 282.2410186962086 278.6720513430091 412.4338823311953 31.11113632571551 664.2212975742194 301.3121035181929 323.4160022979397 688.8327780149846 573.3416211674559 0.0 530.5617611076024 540.4389114715229 567.6948808687013 407.7521321930095 102.479113507229 307.638688062824 324.4691596916065 357.0874609907308 358.2046374567692 386.7925110101509 450.0772063515373 476.9340178932551 426.5838262701691 421.1776809101018 237.4372460044969 339.593931678338 208.1542609503942 438.2569142357274 324.9425032522588 323.5030859337144 489.3758261879123 402.372072147658 290.2453143283017 362.2640559791251 507.9599279078186 449.7932107574622 490.3721421245872 192.1485057077207 470.5880879088288 171.5019674365007 487.0490314487309 307.6952686353051 472.3292669407099 69.63975823988861 334.3077420106192 469.3132140907905 410.0848725129869 558.833929083733 259.7733959927161 530.2173259319518 679.2505044957868 540.9876220218414 338.7193426822687 543.4193024745604 648.0125574492976 679.9081552791886 552.9572854257884 347.183701098519 543.1136714314351 76.17250328238791 155.9297476141508 332.110739921143 197.9625760120199 620.1352895630664 407.7483171401816 548.0983600616013 369.2927035865208 218.0586926542612 274.8009144624912 203.2247431803215 616.7882242501904 622.1511574230733 658.8833050240114 661.8529969650647 48.5776048959599 526.6615708291463 439.8492068933274 452.8327477719846 326.383748373239 524.269451988268 687.1742036917788 271.8714633924443 509.9172038228319 377.7906471273209 274.412207510554 530.0024994376373 244.839526769058 416.063991432972 362.2054809567769 691.5790834766627 564.0839388187858 417.3898377787283 455.6426569112407 449.2215028660856 538.3754297903604 264.5397500801586 403.2972862080936 657.0370275867222 372.0150990841827 708.1917040007384 677.1673847755468 553.2570034554628 271.7711574630171 152.9802716565385 491.8483101211078 264.1065768365874 320.6218979690877 50.29571103707947 393.686344870211 702.1022762363561 176.4140406409483 482.7727007664149 306.6313895674311 208.1686330159121 421.0120076529914 207.9794957197588 335.0827556497176 557.0159872755021 555.5108093538461 404.8755084285042 531.0155768966872 704.4099595888108 162.1063070381072 360.2203508044721 345.4557526745448 231.688959868781 132.2956230659613 142.4436601730327 234.5339527984439
382.8128879804157 309.004111773868 441.2907859346925 243.7714506230593 536.9700742675013 410.327506118622 408.2605795212685 421.3998965809786 161.277362927074 447.3435008303019 530.5617611076024 0.0 483.7662574653402 443.9733107782029 130.7860391598253 470.6278687925167 226.9618451523998 387.7195561513172 179.5548708117751 314.0426633596406 395.7320175129489 364.2124799103297 387.8510210035658 105.8478944502587 291.1206390531121 419.4415560683192 191.8437587583552 582.1735559393262 108.5404465264049 509.3600847191373 208.4741358073154 250.9609292770068 401.9572570397385 240.3783988743145 255.079744051552 237.0607686181858 356.5608126992752 100.1016925884693 406.3890712657789 356.8593214384789 401.567416273095 275.7128159253502 251.7962486260888 301.1616140972773 474.415702244802 333.5884596082576 358.8729027906279 303.5569458702573 201.2643882803654 348.7767818777486 289.8115186013108 149.7947023607319 226.8113663236602 234.8445266966984 356.8430137736352 124.4801429962429 156.0924230189331 195.8521636155454 532.8707441333773 295.2827386854611 493.5754811019137 504.8039159852329 306.083691713411 531.245000809272 93.25670187697143 690.1897888027689 463.8248496573258 284.729394257049 545.9219113190929 359.6747670682935 393.3325525587946 212.6402341211367 113.1629977225184 135.9256383875257 136.7381142960906 483.0954461253778 114.4494417837826 571.4485219157301 81.86496527537763 322.7715928578301 40.40411258595189 184.8704344884502 484.1082685192575 238.4068997249546 639.8568440889034 567.8366377366821 0.6601809903932513 516.4918940098441 173.1241793440727 610.4377680836934 269.6907729020263 112.1532238464191 326.5779864709874 158.8894470788572 81.39233186662845 454.4655392296489 390.513819698201 252.0472990688653 150.0822729729032 158.5939498184173 245.1771808828758 439.46225905182 84.3986323902985 278.5275058934166 484.8517900661541 171.901117953976 301.7467522165939 421.913103429011 502.44662423561 219.7378601548718 264.9735022601612 478.8152821526251 239.5273140321642 448.300711130905 538.8159710770462 109.7007211245218 454.5280291891107 302.35011073607 231.2572268403259 251.9206626275526 508.5208377690067 380.2496896884581 262.7911057124293 456.2362995586466 616.5069156928837 459.6014693930525 318.8891895566553 467.360601477174 437.4667201605296 362.5741609558726
409.242565898283 313.076895907173 262.3244295633381 257.2974891883676 519.5352831579233 203.9781467881804 678.1264085570316 217.174251175007 597.5524019194888 67.5741101487422 540.4389114715229 483.7662574653402 0.0 65.42502639549159 482.6110130944773 438.2857220156613 403.3611114757315 222.0556446100213 474.7833865100103 231.3838627756765 160.165105369833 131.2214262770537 100.5312813117778 465.5689664522765 666.7074642276325 639.7071779895247 450.5894128493811 403.6863725525299 500.7689140667629 240.3058044703043 416.6105845342493 675.4532814461655 143.9376566252035 432.5186318993965 281.0763236194209 674.1439533474188 137.5965121570321 383.8286101877173 355.2132296937807 129.9513440434939 382.3992521990155 208.2803977362093 524.4328074111818 183.0936480601939 475.460857486988 238.9215407678155 128.4543875589928 669.5203176485991 309.1152182648848 307.3749278099559 204.4009856455841 548.6838456735773 273.3290616262353 328.6918346580986 140.6260232101166 581.3687886876054 604.3208183793236 310.7870767439773 234.3792317559265 204.8776770024132 572.153391372058 395.5060333541902 613.897887186016 691.0771484349584 551.9197598529055 348.1242515631431 27.60262568445821 624.3030525386474 713.5452563398796 616.3475110644002 348.0011410243564 347.3738991665666 470.1813097891241 512.1238695042089 519.8930561117701 522.09149802316 582.2179492804959 181.0693460478173 432.5106807925668 253.9962295813493 516.6366545620886 653.7528053472263 279.326266941723 676.2007645952417 311.4768660294312 764.2076887914276 483.8388702745316 715.0185334651688 555.2400717645783 292.1060525088308 379.8708998102638 400.6430473992791 178.8381208257521 576.0920848124758 451.7307507904022 31.89048780397254 636.0760454046726 621.0970644899915 478.6339202464744 435.4053099004369 725.3028676244106 195.472779288366 565.8548074867675 511.8722989230317 391.2414732623829 312.3714430178087 538.8489159317749 219.9418030009215 557.5699384328861 582.7703108320708 748.2462932111571 367.8761172930143 662.6602136124499 235.4120419959555 368.0979843171712 442.0959919395995 333.2552628846908 261.5704234384912 691.4605006587329 256.2460154816621 160.4512260405302 109.7656626492178 745.7204985540918 611.0504362867547 300.5065490174467 198.8225626323217 517.8197360942379 408.1869017913114 574.9053292454531 328.0818249303279
424.7635558482872 317.6499857315076 295.2245119549689 236.153645163189 549.4030308686007 139.4144086246027 676.6335568114279 247.1727863805638 546.8666734215061 5.698926877993101 567.6948808687013 443.9733107782029 65.42502639549159 0.0 458.7561555409303 465.2950239164396 394.0615184712281 243.3219613156589 457.6407289730391 231.338135094681 180.9458655562235 125.354229212709 93.89341445596459 438.6847645397447 649.9204376901238 643.4607803439566 435.6866473321302 449.2111324890398 473.4833161996171 287.7897976838186 404.4063346267691 651.2507384236177 165.6030106370719 425.0829213172698 270.044569244544 647.7152849045722 128.8529313824857 345.5828032935597 377.2837770788855 112.5883057333665 402.3089388187808 170.897259983678 514.7743844360929 152.5950837707399 500.261962986858 245.8645290088859 112.4007549055646 654.2344650280062 257.9001183700595 320.1411445178729 155.6753150215562 496.0367519440672 223.756288678825 318.0397870500104 88.15929532039932 533.7545759021779 554.9070354146812 260.5427916803672 286.4464063159966 153.0970236626078 591.7877533695997 430.7068990785282 604.659179897241 704.7695332893065 505.4788458638937 410.3701589574184 38.1563039710123 611.141430578455 726.931615910155 614.1719015634311 368.135987970679 290.2589136110907 418.9204587082136 459.3774306875475 467.2917164465677 544.4590564579748 548.0206599283478 243.3819366817515 401.06507055957 259.0916582342379 479.2251293994068 606.7029277305824 319.4424481846414 649.6844292088496 371.5847129186815 775.2496641717754 444.1189117706143 724.3707845334806 532.9752215652202 350.4208426367175 317.3612316165706 352.6940895951213 170.7592448945199 549.9884192827917 421.3359521773198 39.70120833323104 636.2677068139459 603.6760796718759 424.2045583616081 415.7258992624233 680.8935665935306 133.7464229040372 527.6589989711675 506.6148342608515 423.7519391335021 272.4289736750553 535.0337214958513 250.0129072314421 579.6273966761687 564.5188240443523 706.0154409707286 401.096517669269 638.3846778887811 271.0392030801492 410.4364028485477 415.4101992683977 364.7563019958617 261.6636262897115 660.6477194209468 203.5253268204465 214.1508945109452 64.6799011300893 703.0843771673642 622.3274812216125 358.8749491728071 238.7706932144415 517.7634017323376 436.8467038129821 586.7747127591969 343.276037687011
272.5949905571196 230.1339280758848 369.3176873350841 225.3765379187615 417.2932407328979 464.4858682221386 285.6557624092674 362.7543583951665 282.1110381294047 463.2912294137885 407.7521321930095 130.7860391598253 482.6110130944773 458.7561555409303 0.0 359.1313821205082 123.0384117319064 330.5298819335002 50.80138772187475 269.6999279308349 358.5303483638633 352.1756794180026 382.0797328901913 29.70641448485372 198.2858294988667 290.5804148076938 71.01494902760683 486.5580650053988 31.86117106600394 444.9628094421864 101.3515210634967 192.9812518703411 369.3113630041066 123.5115519495683 209.1142778988157 192.0015702833545 345.3751996818517 148.4556623206124 309.7199303132563 353.3119356719882 298.1383196880305 290.9306829394455 121.3834162796937 306.1635223641726 356.7992893462737 279.8334647696965 354.5710636684687 206.2508382443734 266.7702299789891 267.2464386000368 321.2751455959632 279.5935764412093 276.9379903087752 168.8415553324336 380.2221104091471 240.6430158721807 272.3834980970838 259.8866495199421 471.5682839463693 331.019470904232 365.5168905610656 404.0560651188696 185.9466241474447 400.8740835943004 213.9552332912592 621.6501495866044 468.6348619710938 173.605096741105 416.0132556720006 232.6306282753274 298.3538726943022 302.0172036721208 239.5350080206383 266.5475644443908 267.5198371412333 359.4933907017045 131.27075234051 528.2530813717271 78.31005069891766 265.3267934821413 116.9227380984937 281.6056265669893 408.6789363148312 194.1076170094541 572.1877250717878 440.2480780516239 130.1471513906138 388.0894300773451 74.72302747133722 543.312935149087 371.672908700082 209.7679670608127 306.1136381093083 94.47549769730085 60.41388682674867 457.9195458971959 263.3283129447001 152.4538336147638 276.9612718427804 54.42733400578894 315.560746350345 490.9668125612779 147.7021681726093 147.9443972189371 383.5841114980477 207.2059787884864 171.0344758901056 362.4202200502702 376.0935304346578 113.3472881840662 320.1102083623861 382.1846026570973 180.1519883589287 383.6027212435586 446.5366069487826 47.00978109364978 364.6526623726654 247.2711260543776 215.9967708818076 302.7838480105261 464.7494584728026 394.7085159467911 320.5422717778233 325.463449284317 548.1353977883742 404.790258656392 188.7477121032086 361.4753780252544 307.3009831991268 273.6664817126198
87.83050735027697 191.206578557822 177.2765764182712 320.8197534335349 86.18784326471969 564.1429915489911 333.9858279211109 221.1429682150656 631.729148499609 470.9357158355846 102.479113507229 470.6278687925167 438.2857220156613 465.2950239164396 359.1313821205082 0.0 243.7843806941515 222.188938664345 311.048113976149 260.2786613369395 284.3647355623998 348.5734194009417 374.8914316227531 372.2987448617768 420.696068055087 273.8246125917504 288.1393278365032 152.2584812234783 390.925657603179 230.2247345198235 263.221127565127 478.1417069551156 299.9093854635377 235.6843412354696 272.1764539140844 493.0333269360965 348.5830976869103 416.1199519412382 91.9500501975289 369.4982206406905 77.11000481257526 391.229598700118 282.4633117287758 374.4303447812657 40.05035270604144 235.1552343918084 368.1323599093296 412.7651479919513 471.3105094481469 163.0624002420456 433.8234582137217 615.1833086710659 450.3484956395892 256.6058426750895 443.1680009388647 592.9813358635884 625.054781932045 465.8663538419392 254.8231330113606 446.5614902369916 144.3411204665262 72.69145621954422 333.3225555172269 274.3017260267602 563.1339727094016 341.8457760446568 445.6528595673472 366.2704789470693 296.4552253670186 290.3521829561798 104.3367199838809 530.5368758452978 551.5770888036977 591.2121544484934 595.083216832869 89.88149013640255 487.0338622709975 346.860314232417 389.5666225132508 228.6908664658407 471.2484645273184 640.3011417409016 175.3546067005831 495.1681690557355 304.0794742882956 352.1653636627476 470.1345601492777 312.5504762237039 384.9709223654607 283.6698817072607 604.0016139031924 487.8813359243852 317.6679861275977 424.3517934837882 390.1119048074752 435.9067147915364 290.999637720732 392.7475469724224 584.5554841967904 314.5718403964694 672.068712000381 576.2211170015391 506.7700854138068 246.9167807951333 60.09293551531081 407.1182338413316 250.950883999665 218.3624566868144 124.1167390113629 373.586942950206 671.5687170579334 80.853051131831 469.3587013329295 205.6365717961363 132.0274178709699 361.9511356866594 107.4724889195006 239.5909651013627 537.826639046713 462.8153032314324 306.820798148073 429.6510001414202 672.9913027367957 211.9545537768682 283.4359160834792 244.8733547365516 215.0857681222977 31.76613446814092 179.2895716971596 138.1619833572615
155.9553760300397 112.5454295596255 249.9608176290608 163.5420989733705 311.466425629804 435.4455189103595 286.0659918333762 249.7104513187341 387.9569031637286 399.3002032945006 307.638688062824 226.9618451523998 403.3611114757315 394.0615184712281 123.0384117319064 243.7843806941515 0.0 219.7575388763239 85.82769404425618 173.7430717878604 259.4792590352073 273.540233865106 305.8649088376944 130.3313095649749 266.9034809865364 263.5015773102387 57.67981463543586 364.1905335616675 154.2749825955861 327.2076227494137 21.7158406057361 291.5356548669268 272.8461559973512 32.43512107850774 124.0589639351366 297.5809863208473 268.1764845441908 185.0046566547483 187.0126488388208 281.81142368442 177.3064588978046 245.5687196368139 121.2254288139134 248.6253560847682 248.2661709582531 175.1098487806024 282.2822455628503 267.988570758066 273.633071976035 146.6892381419144 285.8669341934063 373.2014689610407 267.223382612955 76.02465024007081 329.7166300470163 349.2947367120449 381.3527012697733 266.9008860620299 354.6438315729459 298.1414150323777 281.8006948117158 282.7400423455218 211.0238098503876 352.5173763007878 319.3499555574538 501.0194571507931 394.9595674087111 221.4790325190539 371.9089660483805 223.6684108684841 175.411022265654 325.7024214087558 314.5440478616285 351.4994365772918 354.6986430698669 261.7946661894998 254.2893292690837 418.9279294630763 146.5419775396857 159.3091460744877 228.5013596673396 398.9834806054718 287.6800643616345 299.8101590738443 452.0582163582567 409.6298528658688 226.458677347624 355.9917040381135 174.0312383160174 423.5398996799923 401.263730959195 259.1932074762755 225.6805708611143 207.6484393576052 146.3398697953146 383.7727932487289 248.9743650051026 223.1029756190952 349.6834180897505 72.22723364557827 438.0318865370243 457.5632712534638 267.206720853461 114.3063776500907 262.3625391358391 203.6657744209826 143.9513373855249 248.9311675728325 285.6480599926863 187.6675200939915 443.1428750374939 259.7326700458253 279.6584711529297 266.9168454752109 323.6500713513994 118.246274675813 241.6196947489657 145.4247351816269 330.8254273281355 288.7883029770423 356.6580210522766 334.7579361980564 443.577168878689 268.4096071433574 427.9616803331966 292.3846004821492 135.6287813392944 242.2027668482514 239.9491917121967 151.0034295294029
