0.0 1692.829879225907 2252.270854049308 1103.609532398121 2522.814499720501 396.8526174790838 1446.765357616777 424.5373952904503 1424.059338651308 749.1061340023855 902.2693611111928 1546.992243031619 2553.845140175888 2378.37024031163 1014.75366468912 1259.356184722972 1017.528869369317 1167.469485682602 813.7057207615048 1404.843407643713 885.1129871378004 1329.53112035785 882.2204939809549 1206.066747738283 1194.02051908667 1510.638606682618 1571.559734785796 415.6368607330202 2080.504025470751 2144.574549881631 886.7130313692248 790.2259170642279 2640.851756536137 1803.869729221043 1576.118333120962 1172.710535469005 2518.194988478851 1224.826518328208 2102.314201065102 1358.106402311689 2697.599117734138 661.4605052457781 2250.859835707235 1668.394437775432 923.0178763165966 2114.686265146677 429.1969244996986 2522.632949915623 442.2894979535462 1706.572295567932 1128.689505577154 2474.05173753501 1010.451384283282 1394.179687127882 1707.546192640187 795.3426934347232 1359.817634831965 718.2290720932981 1030.897182070065 1152.289026242982 1043.218577288576 1259.659080862755 288.0867924775449 1365.662110479748 1250.233978101699 1286.438883118821 593.1888400838303 1617.692801492298 1240.503526798695 1386.559050311237 2635.283096746913 801.5385205964839 1531.159691214473 941.981953117999 628.0461766462718 2648.723843665096 1048.429301383741 2442.327578356351 1007.911206406596 862.9745071553389 1219.592144940267 2186.072276938711 1715.551514819651 888.4739726069639 1733.841111520891 1508.300367963888 1254.928284803558 1219.446595796634 806.4899255415407 643.7701453158572 752.9734391065863 302.5524747874325 412.9757862151242 1358.84804154107 2431.134714490334 2376.68361377782 814.8772913758243 782.6525410423197 1468.252362504484 2643.494089268974
1692.829879225907 0.0 1708.469783168552 2402.816056214042 1185.959527134042 2056.612992276378 1391.80638021242 1619.841041584019 1342.505121033063 2441.83148476712 2358.835517792625 1606.488095193986 969.751514564427 1661.984957813999 2445.813157213772 2830.614950854319 2455.095924806198 2836.891256287417 2310.216007216641 1603.241716024131 2501.842521023256 2896.74748640609 1921.433319165669 2894.555579013815 893.0711057916945 2670.970610096637 1737.337330514716 1363.365321548117 1500.966355385756 1190.744724951574 1592.384689702837 2165.917819308941 1069.318006955835 1451.479589935732 1893.080558243626 2857.569071781118 1143.124227719805 2917.257102142353 961.137867321853 336.5055720192461 1984.454081101399 1536.060220173675 1834.545447788089 256.56383221335 2124.213972273038 1636.497784905314 1932.617137458943 1595.606467773304 2094.273382345295 416.1249812255929 1146.963382153066 1302.292209912967 2577.251442913555 331.3034862478812 1529.079788631058 1902.789793960436 1400.388874563062 1160.700650469362 2626.073875579284 1851.156665439206 1006.106356206937 1802.542648593924 1979.198069926302 331.7167466378506 2526.658267356312 2618.486967697185 1102.742943754346 710.5385281601555 573.2660813269873 2887.442640122917 1901.814396832667 2458.64698564068 462.2434423547834 2543.906641368743 2076.212176055232 1045.017224738425 1663.859669563512 1262.33315729248 2647.112389000512 1670.004790412291 842.6304053379513 569.9412250399158 1513.2250328355 2581.300641149729 832.313642805403 1752.072201708594 1218.500718095808 2806.433501795473 1419.508717831631 2301.798644538657 1978.321005297169 1769.469129428372 1399.746405603529 2963.132970354182 793.771377664879 1200.941297482937 2093.036072312181 1911.41099714321 3155.993662858023 1830.805287298461
2252.270854049308 1708.469783168552 0.0 3332.923341452665 1073.736001072889 2622.806130845358 811.3211448002572 2501.897679762304 829.1905691697175 2793.510336476312 2264.730005983053 782.4659737010933 1532.65423367438 221.2984410247844 2279.527363292663 3482.276554209904 2292.553379967411 3286.384791834334 3065.97537498265 934.0133832017611 2582.162853113645 3551.54121474044 1703.469694476541 3245.71979690176 1183.942988492267 3716.83104270291 846.132377350022 1855.776387391541 214.0210270043577 592.0844534354875 2769.948735987726 2086.778617870137 1532.922046289373 448.4127562859915 983.2461543275925 3047.000164095828 1133.381665636073 3215.883704364945 850.565106267592 1730.967648455626 450.7870894335817 2591.881555935764 171.0263137648707 1452.250667068189 1895.67982528696 139.2623423614582 2138.573823836811 507.0552238168935 2669.801490747955 1292.653472513032 1137.949032250566 823.310391043378 3246.17806042737 1827.943379867112 567.1207984195254 2916.617561491393 902.6560806863265 1572.472257306945 2625.837961489627 1377.630574573605 1275.467365321434 1227.892910640012 2473.698849900691 1650.528703173622 3479.70185504448 3529.201184404199 1872.406205928618 1020.784992052685 1423.781233195606 3630.577089114071 401.0049875001557 2640.376488306166 1287.391937212596 2582.747761590357 2870.338307586755 1615.069657940486 1333.014628576896 832.6631972172182 3193.360768845262 2811.80813712458 1192.820606797183 1530.888630828513 552.9529817262948 2913.171810930485 880.5708375820766 926.7416036846516 1001.0 3435.262144291175 2587.069770995749 2842.382803212825 1885.106097809882 2515.462979254515 1845.798743091998 3554.433850840384 1633.182169875731 826.4605253731119 3018.376550399237 1786.23542681249 3314.915534368862 454.2785489102474
1103.609532398121 2402.816056214042 3332.923341452665 0.0 3447.025529351356 822.125294587145 2538.424708357528 850.7185198407285 2511.709577160544 1030.068929732375 1695.417352748284 2649.138916704822 3362.05130835328 3441.609652473679 1794.274505197017 624.771958397622 1789.489592034555 928.9031165842862 372.3398984798702 2508.211514206886 1444.921105112663 660.8668549715593 1928.374704252262 1101.310582896578 2203.686229933835 417.062345459285 2675.055513442665 1478.048713676244 3149.956348903902 3152.299795387488 844.3518224058026 1696.562701464346 3458.916015170071 2886.523860978807 2674.075728172259 1336.013472985958 3428.18027530642 1189.673064333223 3060.988892498632 2087.301846882717 3771.111904995661 867.6819693874018 3343.36895959749 2479.001815247419 1895.497823791945 3197.561570947462 1394.7229115491 3555.860655312578 785.494748550237 2568.817821489099 2195.774578594078 3447.684730366163 497.6364134586616 2071.580314639044 2801.622387117864 500.371861718862 2454.438021217892 1763.011344262991 1572.778751128079 2235.152791197953 2076.108137838682 2353.3943570936 973.9034859779484 2131.240249244557 147.1767644704829 216.1133961604417 1502.06824079334 2575.05728091629 2132.529249506323 554.4763295218291 3704.461769272292 1293.387026376869 2416.404767417909 1507.782477680385 477.200167644564 3443.823456566843 2147.804925965112 3412.1034568137 718.3571535107031 758.0217674974776 2215.773679778691 2965.158005907948 2808.105589182857 1061.233244861845 2712.551750658409 2611.056491154491 2332.154583212699 644.0496875241847 992.3628368696603 747.4663872041338 1760.316164784042 819.3192296046761 1491.484160157258 784.6234765796904 3196.274393727797 3344.204688711503 324.2298567374695 1821.03075207422 1498.551634078719 3701.246411683502
2522.814499720501 1185.959527134042 1073.736001072889 3447.025529351356 0.0 2919.352154160234 1423.989115126938 2605.81753006614 1400.12142330585 3218.195301718029 2883.283718262911 1552.618433485832 502.332559167729 890.9062801439891 2934.403176116056 3770.098274581181 2946.543059247565 3681.028660578453 3277.007476341792 1655.730654424203 3135.403642276382 3839.75337749705 2328.644670189078 3691.816896867991 1343.501395607761 3765.137978879393 1675.52409711111 2113.827097943443 972.7486828569854 553.1663402630352 2700.638628176676 2683.121316675785 474.6588248415908 1178.071729564885 1851.224999831193 3569.123281703786 69.2314957226839 3688.564625975801 437.3854135656561 1413.016631183087 1079.082017272088 2593.881454500186 1244.739731831518 1007.246245959745 2548.369086298137 1107.079491274226 2591.877504821553 652.1502894272148 2964.122298421575 887.0287481248846 1498.040386638491 259.2392717163046 3515.597388780462 1468.373930577631 1342.827241308427 2961.86242084267 1499.522924132872 1818.490032966912 3221.863435963728 2087.726275161569 1506.11088569202 1965.283694533693 2799.736594753157 1349.998518517706 3583.50694153088 3661.452444044576 1971.111868971419 905.8062706782284 1316.70573781692 3869.008270862186 1007.262627123632 3145.426044274448 1030.674051288767 3156.84668617277 3049.346979272776 564.0221626851201 1957.628412135459 242.1672975444868 3530.725704440944 2768.475392702633 1310.246541685953 704.4948544879516 1319.488537274955 3354.735906148203 805.3483718242684 1738.268391244574 1442.083215352013 3734.719400436933 2515.890498412043 3166.417060338073 2468.07495834304 2701.296170359703 2128.814223928429 3879.303674630281 670.5467918050164 253.1402773167478 3124.039052252708 2373.914910016785 3863.267528919011 894.1521123388346
396.8526174790838 2056.612992276378 2622.806130845358 822.125294587145 2919.352154160234 0.0 1812.307369074021 533.6703102103395 1793.85423042119 436.0229351765799 907.1813490146278 1891.778263962243 2940.778298342124 2758.119830609251 1014.676795832052 867.138973867511 1012.354187031397 781.9520445653941 473.7013827296686 1743.555275865953 737.1302462930144 937.2432981888961 1110.785757920941 843.2822777694312 1590.113517960275 1238.998385793944 1899.798936729885 811.0055486863206 2458.472899993002 2538.561009706089 944.0338976964757 880.7774974418908 3029.285394280308 2175.125283748042 1879.610863982223 876.621925347524 2914.201434355559 878.0091115700337 2499.152056198262 1720.117728529068 3071.176484671631 764.2944458780267 2610.477734055588 2050.533589093337 1074.241127494195 2484.166258526188 574.1863808903865 2911.478833857461 47.07440918375928 2096.312238193538 1513.779376263265 2870.307300621312 623.910249955873 1745.028653059886 2068.132007392178 697.6890424823941 1722.47844688983 1113.114998551363 886.000564333906 1428.742804006375 1437.613647681462 1555.525956067593 157.2577502064684 1735.622366760696 960.0255204941169 970.2705808175367 973.5363372776591 2014.442354598413 1630.606328946383 1007.9216239371 3011.410466874285 604.466707106355 1922.573795722807 802.8860442179824 374.2325480232846 3034.312113148547 1361.378712923042 2838.767338124067 611.657583947097 886.4880145833896 1616.267613979814 2567.159519780569 2078.010827690751 560.9723700860854 2130.502522880459 1830.298882696485 1633.843627768582 825.1121135942678 942.648396805511 249.3270943960965 938.8700655575296 329.0744596592085 804.2045759631065 962.2515263692752 2811.480037275741 2773.242326231157 609.5842845743318 1002.960118848202 1154.045493037428 3024.699158594124
1446.765357616777 1391.80638021242 811.3211448002572 2538.424708357528 1423.989115126938 1812.307369074021 0.0 1724.840282460959 50.24937810560445 1989.205368985314 1511.092320144603 216.1133961604417 1709.036278140403 963.3509225614516 1545.006472478352 2670.955634225324 1557.711462370358 2480.831513827572 2259.774546276686 242.2003303053074 1806.204030556903 2740.227910229366 942.25102812361 2447.78532555451 555.7922273655867 2931.31591610321 345.6848275524976 1062.015065806507 663.1930337390464 894.8798802073941 2040.947329060699 1320.123100320572 1756.40655885817 366.8950803703969 508.9921413931653 2265.812878416927 1453.675342021044 2423.198299768304 1005.726105855864 1258.791881130475 1261.299726472657 1843.694117797201 805.0962675357525 1165.010729564325 1153.734804883687 672.3094525588645 1332.884090984659 1164.605083279306 1859.252000133387 1051.981463715022 382.7819222481647 1263.396216552828 2435.297517758354 1362.062039703038 264.1514716975849 2144.672469166329 93.04837451562494 800.2355903107534 1866.830736837167 666.1080993352356 561.8051263561058 541.6133307074338 1662.569096308481 1187.471683872925 2685.577219146752 2729.886627682549 1130.68165280949 740.9453421137082 895.3172622037397 2820.224813733827 1205.230683313365 1850.60260455885 934.8475811596242 1814.364902658779 2070.016425055608 1810.52036718729 560.0160711979612 1245.829041241213 2382.85647910234 2071.418113274092 593.6707841893518 1508.623876252792 269.6831474156292 2112.274603360084 714.1939512485386 369.4319964486021 237.9936973955403 2624.0 1867.181833673411 2031.080992969015 1108.953109919441 1719.107908189593 1046.940781515363 2744.016399367905 1707.419690644336 1196.338162895425 2229.60198241749 1009.756901437173 2544.23131809983 1231.347635722748
424.5373952904503 1619.841041584019 2501.897679762304 850.7185198407285 2605.81753006614 533.6703102103395 1724.840282460959 0.0 1693.383890321388 969.6927348392376 1307.468546466797 1858.841843729584 2553.933632653754 2600.321710865792 1420.535462422533 1210.841855900266 1421.951124335854 1257.132053525007 691.0347313992257 1728.843833317515 1228.327724998504 1276.915423980774 1295.390674661509 1350.98815686889 1355.059039304192 1216.003700652264 1904.642748653931 670.8576600144028 2312.646319695253 2301.667221819871 464.9688161586753 1210.889342590808 2648.021525592268 2059.711144796765 1934.297029931029 1410.090068045301 2590.028957367079 1397.242999624618 2212.886124498954 1288.820002948434 2933.783393504026 247.7781265568048 2524.469449211062 1660.675766066332 1347.312139038315 2369.010341893847 849.76349650947 2706.767998924178 553.1762829333883 1736.748974377126 1365.056775376028 2598.658884886587 958.1753492967766 1293.208799846336 1988.891651146437 420.6399885888169 1646.535757279507 930.4069002323661 1379.078315397643 1539.015919345866 1233.10542939361 1630.717940049719 554.0487343185615 1320.959121244863 993.6201487490076 1061.075397886503 651.4637365195396 1725.779244283579 1289.125672694482 1275.731162902279 2865.053053610003 1113.800700305041 1577.345238050313 1291.32877300864 456.9835883267582 2641.094091470427 1411.55942134931 2563.429733774655 1047.851611632105 438.5076966257263 1365.776336008206 2163.983364076536 1992.993978917147 1092.477002046267 1862.130231750723 1849.796204991242 1506.360182692041 1187.765128297678 416.329196670135 738.8748202503588 1175.923892095062 206.3055985667864 696.6039046689302 1345.786015680056 2402.839986349486 2495.666043363975 527.0569229219933 1199.805400887994 1683.736618358109 2857.268800795613
1424.059338651308 1342.505121033063 829.1905691697175 2511.709577160544 1400.12142330585 1793.85423042119 50.24937810560445 1693.383890321388 0.0 1980.891970805071 1518.626023746465 266.270539113887 1674.207275100667 972.2602532244132 1555.99807197824 2654.910356302073 1568.604475321934 2471.469198675152 2237.656363251516 281.3112155602759 1807.97345113251 2724.370385979116 950.8533009881178 2442.029483851495 506.3200568810207 2902.396940461452 394.8328760374445 1033.992746589646 671.2525605165316 878.0802924562195 2002.808278393117 1325.47350030093 1723.487452811885 381.2833591962807 555.7139551963762 2265.535918938387 1427.878496231385 2419.356319354386 977.4916879441994 1208.590915074245 1277.435712668156 1807.63740833166 832.3250566935973 1116.881820068713 1165.087550358341 690.9739503049301 1324.547092405551 1163.597868681444 1840.872890777633 1005.68384694197 341.6972344049627 1246.645498929026 2417.446793623388 1311.875756312312 297.5583976297762 2112.596743346917 99.76472322419383 765.8733576773643 1872.343985489846 687.6081733080258 517.3490117899134 569.5261188040457 1645.478957629055 1137.226450624501 2658.798600872206 2704.793152904673 1092.440387389628 696.5809357138623 845.185186808193 2801.494779577502 1219.059473528671 1848.368199250355 886.2759164052694 1817.945268703104 2045.10953251898 1776.014921108491 569.5726468151363 1227.731648203303 2369.324798333905 2034.61740875281 543.7370688117558 1466.806394859253 299.9233235345328 2105.547197286254 675.883125991469 415.4094365803454 195.4891301325984 2608.582181952487 1827.887578599953 2015.521024450006 1112.763227286021 1692.606569761562 1020.769317720708 2730.505630831037 1668.261670122526 1176.477794095579 2201.181500921721 1013.984220784525 2546.214445014402 1240.41605923174
749.1061340023855 2441.83148476712 2793.510336476312 1030.068929732375 3218.195301718029 436.0229351765799 1989.205368985314 969.6927348392376 1980.891970805071 0.0 721.2613950572982 2024.655279300652 3286.984180065368 2952.336193593135 802.1726746779648 769.8012730568845 794.7685197590554 493.3771376948875 664.2537165872691 1871.214846029178 420.3867267171979 829.6077386331447 1136.55488208885 473.6253793875493 1874.709844215899 1416.404250205428 2003.397114902585 1117.594738713457 2651.649486640344 2792.855169893347 1366.023425860626 795.6161134617624 3371.099820533352 2355.762721498072 1944.726458913952 441.1915683691156 3220.139437974698 478.48092960953 2786.951201582116 2107.210715614364 3244.04269392374 1197.601770205772 2755.667977097386 2409.843978352126 1017.208926425638 2654.480363460992 656.4099328925485 3136.007812490269 420.5948168962618 2437.387330729361 1749.771413642365 3141.82431081052 617.2876152977638 2141.975956914549 2226.894249846634 1078.644519756161 1896.263694742901 1401.861976087518 542.7200014740566 1481.270400703396 1712.779320286183 1626.0162975813 465.4653585391721 2114.00780509439 1136.890935842133 1102.390584139759 1340.553989960867 2315.188545237731 1973.39833789329 969.9288633709175 3192.026472321306 269.6516271043066 2259.184366093215 480.58506010903 712.198006175249 3383.748513113822 1469.70609306759 3113.283154484988 454.2345209250394 1301.623985642551 1908.689864802556 2927.252636859347 2240.564437814722 140.0357097314824 2415.414043181831 1926.37119995083 1848.41148016344 713.0848476864446 1376.939359594314 300.0266654815868 945.0105819513345 764.6973257439835 1095.562412644757 791.7701686727027 3172.558588899502 3050.339817135134 933.773527146706 1035.70507385066 725.8271144012189 3220.439876787021
902.2693611111928 2358.835517792625 2264.730005983053 1695.417352748284 2883.283718262911 907.1813490146278 1511.092320144603 1307.468546466797 1518.626023746465 721.2613950572982 0.0 1483.066080793435 3056.08654982152 2450.31120472482 113.0707742964556 1487.71099343925 115.2605743522042 1161.234257159166 1323.964123380993 1334.151790464638 348.9312253152475 1544.612896488955 569.0140595802533 1060.317405308429 1592.270391610671 2102.425504030999 1427.017168782492 1026.077969746939 2158.991662790757 2390.684002539859 1771.007058145167 201.8539075668341 3126.634612486723 1859.024475363356 1329.079756824247 804.4799562450266 2899.677913148286 1004.972636443401 2446.651793778592 2052.777874003907 2705.464285478557 1553.669205461703 2196.000910746624 2252.609597777653 370.0054053659217 2130.136145883638 485.2422075623678 2672.887015943622 931.1809705959416 2231.726909816701 1391.604110370474 2757.152516637409 1334.044227152908 2118.403408229887 1706.966900674995 1592.136928784707 1421.526644140024 1199.965416168316 361.2713661501559 888.380549089184 1431.616219522537 1039.232890164664 791.7676426831296 2031.86343044999 1819.138532382842 1800.883394337346 1324.605979150026 2027.11617821969 1807.753578339703 1690.795079245264 2664.747830471018 467.0867157177562 2054.658122413556 328.6943869310822 1280.112495056587 3158.015832765884 951.1561386018597 2735.055758115363 1173.364819653291 1733.537712309715 1638.250591332107 2745.896210711541 1725.0011594199 781.2195594069569 2088.983724206582 1346.001485883281 1442.338725819979 1430.236344105407 1707.304307966216 954.1121527367734 415.4960890309318 1127.817361100635 982.153246698294 1491.464381069826 2984.600810828812 2679.090330690624 1516.319557349308 509.7342444843195 1053.229794489313 2712.872462907167
1546.992243031619 1606.488095193986 782.4659737010933 2649.138916704822 1552.618433485832 1891.778263962243 216.1133961604417 1858.841843729584 266.270539113887 2024.655279300652 1483.066080793435 0.0 1876.009061811803 969.1491113342673 1501.455960060101 2735.858366217082 1514.443792288113 2518.003177122698 2352.08715824903 153.5838533179839 1800.001111110768 2804.087373817014 921.0917435304694 2469.69633760914 767.6066701117181 3050.373091934821 136.4880947189168 1188.353903515278 685.8104694447293 1005.19898527605 2201.488814416281 1304.34504637385 1916.314431402112 395.4099138868422 312.1954516004357 2265.173061821105 1589.216473612075 2437.032006355271 1154.612489106194 1473.784244725123 1227.824906083925 1996.183608789532 731.0164156843539 1376.802454965853 1114.842141291761 647.0927290582084 1375.181806162371 1207.3591015104 1938.078687773022 1258.813727284542 570.7372425205841 1366.931234554248 2508.791143160387 1576.911538419324 229.9239004540415 2279.369430346911 240.7509086171846 955.1177937825261 1843.949023156551 598.8196723555432 756.128295992155 452.0929108048477 1737.551438087517 1403.002494652094 2796.120526729847 2833.128659274054 1296.087188425223 943.4007631966385 1109.876569713948 2896.076138501887 1183.264129431802 1861.197732644224 1147.965591818849 1800.284699707244 2174.949424699342 1975.965839785698 555.6446706304308 1354.709193886275 2438.237068047322 2226.230895482317 807.3722809212612 1700.402599386392 250.8744706023313 2140.160040744617 899.5521107751346 185.9704277566732 435.7843503385591 2686.401496426028 2033.100341842478 2096.93228312218 1104.00090579673 1832.687916695038 1166.276982538882 2797.848637792974 1889.647850791252 1312.493809509211 2348.603840582741 1005.560540196362 2532.47783800767 1229.993495917763
2553.845140175888 969.751514564427 1532.65423367438 3362.05130835328 502.332559167729 2940.778298342124 1709.036278140403 2553.933632653754 1674.207275100667 3286.984180065368 3056.08654982152 1876.009061811803 0.0 1370.372212210974 3122.306839501845 3756.476141279218 3133.574636098524 3720.485183413582 3243.398217918977 1950.940798691749 3267.832615052369 3824.393808174048 2531.763812048825 3755.486919162414 1464.175535924569 3639.889284030491 2008.757078394498 2170.080413256615 1397.140651473573 956.6216598007804 2561.278001311064 2854.35842178238 100.6628034578811 1542.653882113548 2186.907405447245 3672.724465570484 433.1754840708325 3765.053120475195 733.48483283569 1274.76193855951 1580.213909570473 2494.470885779187 1701.277461203786 894.910610061139 2751.827937935074 1541.71754870988 2702.533071027994 1150.513798265801 2982.436084813889 849.6316849082313 1674.83879821313 755.0079469780434 3501.007997705804 1296.445910942682 1693.549231643415 2863.711752254406 1767.786469005802 1900.228407323709 3371.639660461954 2342.807076991189 1626.493160145471 2240.202223014699 2840.719803148491 1234.187181913667 3489.320850824699 3578.136386444765 1967.416580188344 1033.007744404658 1314.330247692717 3829.44395441427 1507.060715432527 3254.742539741047 1028.408965344041 3298.394306325428 3009.979568036966 102.8250942134263 2186.839957564339 730.0335608723752 3547.62032917842 2637.9025759114 1419.323782651443 399.8462204398086 1670.751926528891 3426.636981064671 1002.726283688625 2059.719641116237 1660.761873358128 3727.58433841543 2386.256691975949 3189.994514101866 2644.319194045984 2682.303674083156 2195.081775242098 3880.202700890767 215.6409052104911 715.4369294354325 3047.170818972904 2557.735326416711 3971.847177321907 1395.545054808335
2378.37024031163 1661.984957813999 221.2984410247844 3441.609652473679 890.9062801439891 2758.119830609251 963.3509225614516 2600.321710865792 972.2602532244132 2952.336193593135 2450.31120472482 969.1491113342673 1370.372212210974 0.0 2470.595070018557 3622.684225819303 2483.580077227227 3443.488057188525 3190.107208229842 1116.198011107348 2760.056883471788 3692.407886461083 1884.42564193974 3410.87232244187 1254.770895422746 3816.032756672825 1046.560557254094 1972.456590143367 301.0415253748226 482.3743359674103 2838.505416588103 2267.400714474616 1360.581125842925 598.0209026447153 1192.558593948323 3222.913123247352 954.5098218457472 3385.059083679338 740.6483646103595 1727.451880661224 343.6335257218073 2672.004678139617 379.3481250777444 1410.115243517352 2083.27938596819 329.9530269598993 2295.936628045295 287.5865087238968 2805.193219726584 1248.359723797592 1250.960031335934 633.5147985643272 3381.939236591929 1819.148152295464 743.3471598116186 3008.841139043403 1056.381086540269 1679.315336677421 2810.483588281561 1567.94929764964 1367.230777886455 1420.273917242727 2612.658607625573 1647.539377374635 3587.556271335684 3642.557892470619 1958.180788384974 1013.876225187276 1450.674325960172 3763.346516067847 267.5518641310503 2811.120239335201 1273.979984144178 2763.838815850158 2986.955808176613 1446.326726573218 1507.455140294397 649.0585489769009 3340.396683030325 2885.916492208325 1254.782849739348 1415.411247659139 725.5811463923246 3075.611321347351 863.0202778614185 1125.879656091183 1124.46342759558 3577.375155054331 2652.869578399963 2984.551055016483 2061.380120210729 2629.438152914041 1967.07701933605 3701.491185995179 1490.620340663578 655.0801477681948 3122.904097150599 1962.030071125313 3495.991132711867 268.1678578800972
1014.75366468912 2445.813157213772 2279.527363292663 1794.274505197017 2934.403176116056 1014.676795832052 1545.006472478352 1420.535462422533 1555.99807197824 802.1726746779648 113.0707742964556 1501.455960060101 3122.306839501845 2470.595070018557 0.0 1560.853932948243 13.0384048104053 1219.446595796634 1422.139233689866 1355.950589070266 402.2263044605611 1615.357545560734 606.9233889050578 1105.601193921208 1661.002709209109 2198.408970141816 1436.02263213363 1125.430139990928 2183.249413145461 2432.382576816402 1884.021496692646 280.0321410124202 3190.699766508908 1884.710322569492 1326.21717678516 830.8315111982694 2953.098880836874 1042.700819986251 2499.039815609187 2144.226200754016 2715.523522269693 1666.733631988027 2203.003631408718 2332.03451947007 391.2812287856395 2146.922681421015 595.1848452371751 2700.788403411123 1037.102212898999 2305.312560153178 1451.16125913008 2800.166602186377 1418.816760543799 2212.257670344935 1728.448147906092 1702.575989493567 1457.503687816947 1285.222159784058 370.4726710568541 902.765196493529 1502.704229048418 1051.700527716897 902.7031627284797 2120.785231936511 1915.411183010061 1893.370539540531 1425.294355563089 2090.680511221167 1889.442245743436 1767.321419549936 2677.849883768693 538.1644730005875 2129.606771213878 364.9177989629993 1386.394244073453 3224.587570527431 986.4263783983071 2779.341828563014 1248.90752259725 1846.289793071499 1708.16860994458 2819.887409099874 1747.396921137267 848.0666247412405 2146.055917258449 1354.889294370577 1492.381318564394 1502.969394232631 1820.122248641558 1049.487970393182 478.873678541638 1240.451933772526 1080.599833425862 1555.117037396221 3056.804377123273 2724.89449337034 1622.852427055522 565.0999911520084 1057.651171228019 2730.563678070885
1259.356184722972 2830.614950854319 3482.276554209904 624.771958397622 3770.098274581181 867.138973867511 2670.955634225324 1210.841855900266 2654.910356302073 769.8012730568845 1487.71099343925 2735.858366217082 3756.476141279218 3622.684225819303 1560.853932948243 0.0 1552.216801867574 399.4058086708304 523.3211251229975 2584.531872506122 1162.010757265181 70.178344238091 1885.910125112011 578.0700649575274 2452.438990066828 839.8029530788755 2730.456738349832 1674.987761149317 3322.441421605504 3403.923912193103 1387.548197361086 1562.868196618 3848.766036017259 3035.951251255527 2688.484517344297 876.6207846041525 3761.276379103243 674.1112667801956 3356.250437616359 2498.687055235209 3931.969608224357 1333.688119464217 3462.080299473136 2861.571945627089 1783.543663609052 3343.225388752604 1367.090340833407 3778.615751832938 820.2889734721539 2924.849568781273 2380.73980098624 3731.498626557432 255.6912200291594 2503.866010792111 2922.547518860899 1020.654691852244 2579.867050838086 1977.583626550341 1247.615726095179 2226.070978203525 2302.570085795436 2365.289200076811 1010.03168267139 2527.810317250881 630.8922253443927 534.1956570396281 1802.515187175964 2868.854126650569 2464.075688772567 214.8487840319326 3873.843698447319 1023.137331935454 2756.812652321517 1211.136656203585 755.7909763949289 3845.841910427416 2189.994063918896 3699.185045384997 315.6279455308101 1301.410388770583 2476.307129578236 3370.580068771546 2933.648411108598 714.582395529025 2990.088460229897 2656.633207652122 2499.228881075121 58.13776741499453 1495.198983413245 640.1015544427306 1696.621643148525 1075.375283331359 1670.48046980502 160.7046981267194 3611.100940156617 3633.055050505016 804.5551565927597 1780.898930315811 950.9621443569665 3889.774415052883
1017.528869369317 2455.095924806198 2292.553379967411 1789.489592034555 2946.543059247565 1012.354187031397 1557.711462370358 1421.951124335854 1568.604475321934 794.7685197590554 115.2605743522042 1514.443792288113 3133.574636098524 2483.580077227227 13.0384048104053 1552.216801867574 0.0 1209.44615423755 1417.271321942274 1368.891522363989 392.6219555755893 1606.450123719999 619.3173661379116 1094.65793743982 1672.004784682149 2192.993388042928 1449.060730266334 1132.685746356861 2196.179409793289 2444.889568058239 1885.128377591298 289.1781457856039 3202.117580601936 1897.610339347886 1339.19752090571 818.9120831933059 2965.128159118928 1031.302574417421 2511.105334309973 2152.896653348692 2728.561892279521 1668.375557241235 2216.038131440883 2342.153923208293 404.0111384603152 2159.935415701127 599.4705997795055 2713.666154853983 1034.261572330714 2315.97236598367 1462.762113263808 2812.637374422803 1411.667453758143 2220.573349385244 1741.406615354381 1701.365627958905 1470.144550716017 1294.60186930191 358.2401429209183 915.7647077715978 1513.502560288551 1064.721559845578 901.8852476895273 2129.800929664554 1910.08115010855 1887.345755287038 1432.330269176771 2102.085868845514 1899.297238454266 1759.036383932976 2690.884241285753 529.9179181722392 2140.136677878308 354.1539213392956 1383.582668292719 3235.833277534552 999.0320315185094 2791.765212191025 1240.620812335502 1846.849208787767 1719.084058445078 2830.535815000404 1760.343716437219 839.0309887006558 2157.860514491148 1367.927264148208 1504.494599525037 1494.298832228681 1822.46234529002 1044.176709182885 489.8020008125732 1240.890406119735 1088.015624887805 1545.517712612832 3067.612263634373 2737.257751838507 1620.086417448156 576.6420033261538 1044.888510799119 2743.574311003804
1167.469485682602 2836.891256287417 3286.384791834334 928.9031165842862 3681.028660578453 781.9520445653941 2480.831513827572 1257.132053525007 2471.469198675152 493.3771376948875 1161.234257159166 2518.003177122698 3720.485183413582 3443.488057188525 1219.446595796634 399.4058086708304 1209.44615423755 0.0 671.096118301991 2364.544776484472 817.664968064549 431.6132528085763 1624.766444754445 181.3394606807906 2340.538399599545 1218.249563923583 2495.53621492456 1567.843423304764 3142.60847068164 3271.963477791279 1548.566110955551 1269.538498825459 3808.04739991508 2847.601271245678 2432.793045041029 478.979122718308 3679.441941381872 276.8483339303309 3254.088197944242 2500.423164186414 3737.006556055261 1438.277094304154 3249.019082738665 2831.830679966583 1490.724991405189 3147.296776600516 1148.157219199531 3622.839770125088 742.8465521223075 2873.961725562816 2230.728356389455 3615.922150710659 433.1293109453573 2521.966296364803 2719.958271738741 1198.409362446739 2387.990159108701 1863.090443322599 879.9318155402724 1970.057105771302 2181.478856189076 2116.209819464979 883.2400579683872 2517.288223465879 977.8803607803973 899.0672944780051 1754.432671834403 2775.39636808871 2407.887455841738 612.0825107777546 3684.531177775539 697.2524650368761 2698.600563254962 857.3243260283707 853.7968142362678 3814.698546412285 1962.935811482383 3586.248875914777 229.6519105080556 1468.698743786485 2371.356152078384 3348.7766422979 2733.478735969973 386.80356771881 2882.940512740421 2418.082918346681 2334.4532550471 346.1748113309228 1615.105259727675 535.0934497823721 1433.195729828972 1076.745559545058 1552.2841234774 341.9195811883257 3593.237119924039 3522.240764059152 996.8349913601548 1525.905632730937 572.5521810280701 3711.647612583932
813.7057207615048 2310.216007216641 3065.97537498265 372.3398984798702 3277.007476341792 473.7013827296686 2259.774546276686 691.0347313992257 2237.656363251516 664.2537165872691 1323.964123380993 2352.08715824903 3243.398217918977 3190.107208229842 1422.139233689866 523.3211251229975 1417.271321942274 671.096118301991 0.0 2206.180862939392 1074.810681003869 587.554252814155 1583.622429747697 819.4986272105647 1981.892529881477 780.1858752887032 2366.345917231883 1218.760435852756 2893.121843268962 2937.195431019189 889.1394716241092 1331.913660865448 3336.849562086969 2617.575404835551 2351.395330436802 1007.92509642334 3264.861559086388 896.4201024073478 2871.816150104321 1979.830800851426 3511.016377062346 813.2607208023759 3062.93078602831 2349.153251705814 1535.821929782226 2928.373780786872 1046.206958493395 3326.138000745008 431.8020379757372 2419.198627645113 1939.263004339535 3252.621865510961 279.8731855680354 1982.399556093574 2519.554921012837 530.08395561458 2172.078497660708 1517.583605604647 1205.723848980354 1902.228430026215 1840.558610857041 2027.759847713728 630.600507453015 2011.509383522732 497.1116574774725 497.1156807021883 1306.075036129242 2382.973142945593 1963.395018838542 592.0008445939922 3448.187929913333 923.6433294297101 2254.934367115815 1138.320253707189 234.0790464778939 3331.300796986066 1830.411155997471 3218.943460205538 441.4906567527789 806.1128953192599 2001.031733881299 2854.632200476972 2528.067245941057 711.0 2510.965551336776 2298.444038909801 2067.94438996797 506.7435248722967 979.6147201833994 375.5862084794914 1408.786712032733 576.9445380623687 1223.058461399127 667.4705986034141 3093.823039541855 3151.936864849929 325.8619339536301 1475.71338680653 1209.685082986477 3454.293849689108
1404.843407643713 1603.241716024131 934.0133832017611 2508.211514206886 1655.730654424203 1743.555275865953 242.2003303053074 1728.843833317515 281.3112155602759 1871.214846029178 1334.151790464638 153.5838533179839 1950.940798691749 1116.198011107348 1355.950589070266 2584.531872506122 1368.891522363989 2364.544776484472 2206.180862939392 0.0 1648.174748016726 2652.600610721486 769.7960768930951 2316.190838424157 730.0027397208862 2911.959477740032 180.5685465411958 1058.185711489245 827.3741596158294 1116.935539769418 2085.815188361615 1153.173013905546 1997.454630273239 530.0801826139136 293.0153579592715 2113.008518676629 1688.041764886165 2283.824205143645 1243.556995075015 1440.401332962449 1380.62666930637 1875.853139240916 884.509468575662 1386.550035159208 967.3370663837916 797.56441746106 1222.437319456503 1346.465001401819 1789.660582345155 1282.076440778786 501.8814601078625 1483.338464410601 2358.855866728614 1542.053825260325 372.9302883918119 2148.625839926533 203.7473926213536 844.077010704592 1694.54890752672 455.9265291689002 686.721195245931 315.8354001691387 1588.67775209449 1374.052400747511 2654.980602565676 2689.693291064987 1188.445202775458 976.5659219940045 1077.004178264876 2746.316260010853 1335.003370782261 1708.01200229975 1154.249972926142 1649.457183439449 2032.807172360428 2052.307238207769 402.0609406545232 1468.415813044793 2285.954505234083 2106.698839416778 775.3412152078594 1748.052916819168 391.4920177985753 1986.577207158081 956.059621571793 155.4252231782216 390.1281840626232 2534.783028189987 1921.815027519558 1946.11330605389 951.3285447204872 1694.17265944177 1033.155361017887 2645.304708346469 1949.047203122592 1422.264391735939 2211.030528961552 852.6781338817127 2381.772449248668 1379.057649266339
885.1129871378004 2501.842521023256 2582.162853113645 1444.921105112663 3135.403642276382 737.1302462930144 1806.204030556903 1228.327724998504 1807.97345113251 420.3867267171979 348.9312253152475 1800.001111110768 3267.832615052369 2760.056883471788 402.2263044605611 1162.010757265181 392.6219555755893 817.664968064549 1074.810681003869 1648.174748016726 0.0 1215.020164441726 879.0688255193674 711.4183017044192 1810.478389818559 1836.15794527595 1754.458605952275 1138.566203608732 2464.293002059617 2665.352697111585 1671.497831287854 496.7896939349689 3344.292002801191 2163.846806037803 1666.849123346201 465.966737010272 3146.301479515274 657.1674063737489 2698.192357857386 2179.057594466011 3027.305402499061 1473.914855071351 2522.352275159043 2426.897814082826 705.0879377779768 2445.596246317041 571.3571562516742 2970.663225611412 745.0671110712108 2426.502009065725 1637.743874969465 3027.408958168684 1034.567059208827 2231.704729573337 2018.507617027986 1432.218209631479 1714.304815369775 1372.414660370546 150.8641773251689 1215.630289191578 1645.994532190189 1366.434777074998 674.4427329284525 2170.25436297223 1555.771834171065 1522.777068385258 1415.7294939359 2253.981588212291 1979.450933971337 1370.750524347884 2983.122189921157 151.7135458685216 2246.862034037693 66.007575322837 1083.660924828426 3368.208574301776 1252.621650778877 3002.804855464304 852.9970691626086 1619.413474070165 1852.199233343973 2935.028619962674 2035.218415797184 447.5991510268982 2332.048455757298 1674.055255957819 1708.906082849493 1103.958785462573 1644.188857765433 700.1578393476717 698.7202587588255 1027.188882338589 1102.434578557839 1152.911531731728 3178.143011256731 2943.927308885191 1316.802187118475 798.1102680707722 738.24115301167 3025.334361686324
1329.53112035785 2896.74748640609 3551.54121474044 660.8668549715593 3839.75337749705 937.2432981888961 2740.227910229366 1276.915423980774 2724.370385979116 829.6077386331447 1544.612896488955 2804.087373817014 3824.393808174048 3692.407886461083 1615.357545560734 70.178344238091 1606.450123719999 431.6132528085763 587.554252814155 2652.600610721486 1215.020164441726 0.0 1950.854171894968 604.8222879491132 2522.570514376159 842.3265400069025 2797.793594960143 1745.161597102114 3392.114679665179 3474.100315189531 1442.506499118808 1624.278916935143 3916.864179416999 3105.36068758526 2754.440778089084 910.5322619215642 3830.765589278467 700.2578096672681 3426.189136635629 2565.299592640205 4001.324780619539 1394.929747334969 3530.717349208232 2929.520267893704 1845.359856504958 3412.465530961449 1434.127260740831 3848.709134242285 890.409456373864 2993.60150988738 2450.778855792582 3801.572963919014 324.5812687140156 2569.521356206249 2991.469371395936 1075.602621789293 2649.058134507433 2047.75779817829 1295.642697660123 2291.723587171891 2372.746088396312 2431.538196286458 1079.75413868158 2595.043352239034 652.3342701407001 549.1812087098392 1871.73609250877 2938.718938585315 2533.172714206436 186.1316738225926 3943.351366540902 1078.686701503268 2825.862877069586 1262.40128326931 820.9537136769649 3913.518238107496 2257.491749708069 3769.234007062973 376.9694947870451 1355.97713845035 2546.380175857486 3437.959423844325 3002.660153930178 767.5239409946768 3060.128101893775 2723.722636393067 2569.071816824123 118.5959527134042 1554.382514055019 709.1861532771209 1761.141675164153 1144.00917828486 1740.649304139119 133.6450522840258 3678.201326735664 3703.084390072686 859.6243365563821 1846.20313075241 963.9678417872663 3959.546691226156
