0.0 1692.829879225907 2252.270854049308 1103.609532398121 2522.814499720501 396.8526174790838 1446.765357616777 424.5373952904503 1424.059338651308 749.1061340023855 902.2693611111928 1546.992243031619 2553.845140175888 2378.37024031163 1014.75366468912 1259.356184722972 1017.528869369317 1167.469485682602 813.7057207615048 1404.843407643713 885.1129871378004 1329.53112035785 882.2204939809549 1206.066747738283 1194.02051908667 1510.638606682618 1571.559734785796 415.6368607330202 2080.504025470751 2144.574549881631 886.7130313692248 790.2259170642279 2640.851756536137 1803.869729221043 1576.118333120962 1172.710535469005 2518.194988478851 1224.826518328208 2102.314201065102 1358.106402311689 2697.599117734138 661.4605052457781 2250.859835707235 1668.394437775432 923.0178763165966 2114.686265146677 429.1969244996986 2522.632949915623 442.2894979535462 1706.572295567932 1128.689505577154 2474.05173753501 1010.451384283282 1394.179687127882 1707.546192640187 795.3426934347232 1359.817634831965 718.2290720932981 1030.897182070065 1152.289026242982 1043.218577288576 1259.659080862755 288.0867924775449 1365.662110479748 1250.233978101699 1286.438883118821 593.1888400838303 1617.692801492298 1240.503526798695 1386.559050311237 2635.283096746913 801.5385205964839 1531.159691214473 941.981953117999 628.0461766462718 2648.723843665096 1048.429301383741 2442.327578356351 1007.911206406596 862.9745071553389 1219.592144940267 2186.072276938711 1715.551514819651 888.4739726069639 1733.841111520891 1508.300367963888 1254.928284803558 1219.446595796634 806.4899255415407 643.7701453158572 752.9734391065863 302.5524747874325 412.9757862151242 1358.84804154107 2431.134714490334 2376.68361377782 814.8772913758243 782.6525410423197 1468.252362504484 2643.494089268974 2097.023843450522 1513.396841545535 2662.81129635579 1370.172616862562 473.1934065474708 846.1796499562017 2055.407745436413 824.357325436003 719.4011398378515 1016.736445692786 1508.791900826618 2057.182539299807 532.6734459309944 1548.940928505668 1989.029914304961 1951.44279957164 1502.139807075227 1370.01313862313 1018.415435861024 1974.388512932548 2125.857003657584 709.0867365844605 2146.989753119469 1471.179798665003 1146.916736297801 2327.232906264433 1113.912922988148 2413.260035719317 1546.107693532375 77.52418977325722 419.6867879740796 2139.151467287906 729.4518489934753 1000.246469626362 1676.606692101639 2409.464048289577 1098.692404633799 936.6536179399511 648.5314178973907 1494.518651606597 1007.182207944521 426.4387412044079 878.0529596784012 1521.665206278963 1277.047375785253 2649.996603771408 2271.419159908624 533.1753932806727 1724.969854809063 1382.167138952449
1692.829879225907 0.0 1708.469783168552 2402.816056214042 1185.959527134042 2056.612992276378 1391.80638021242 1619.841041584019 1342.505121033063 2441.83148476712 2358.835517792625 1606.488095193986 969.751514564427 1661.984957813999 2445.813157213772 2830.614950854319 2455.095924806198 2836.891256287417 2310.216007216641 1603.241716024131 2501.842521023256 2896.74748640609 1921.433319165669 2894.555579013815 893.0711057916945 2670.970610096637 1737.337330514716 1363.365321548117 1500.966355385756 1190.744724951574 1592.384689702837 2165.917819308941 1069.318006955835 1451.479589935732 1893.080558243626 2857.569071781118 1143.124227719805 2917.257102142353 961.137867321853 336.5055720192461 1984.454081101399 1536.060220173675 1834.545447788089 256.56383221335 2124.213972273038 1636.497784905314 1932.617137458943 1595.606467773304 2094.273382345295 416.1249812255929 1146.963382153066 1302.292209912967 2577.251442913555 331.3034862478812 1529.079788631058 1902.789793960436 1400.388874563062 1160.700650469362 2626.073875579284 1851.156665439206 1006.106356206937 1802.542648593924 1979.198069926302 331.7167466378506 2526.658267356312 2618.486967697185 1102.742943754346 710.5385281601555 573.2660813269873 2887.442640122917 1901.814396832667 2458.64698564068 462.2434423547834 2543.906641368743 2076.212176055232 1045.017224738425 1663.859669563512 1262.33315729248 2647.112389000512 1670.004790412291 842.6304053379513 569.9412250399158 1513.2250328355 2581.300641149729 832.313642805403 1752.072201708594 1218.500718095808 2806.433501795473 1419.508717831631 2301.798644538657 1978.321005297169 1769.469129428372 1399.746405603529 2963.132970354182 793.771377664879 1200.941297482937 2093.036072312181 1911.41099714321 3155.993662858023 1830.805287298461 1059.834892801704 3205.861038785056 1147.895901203589 3062.971759582514 1221.283341407718 2489.061871468847 1150.125210574918 941.8832199375887 2045.66004018263 1671.002692996035 3201.366270828753 1332.537804341775 2201.84013951967 281.1138559374119 1852.771167737667 446.5870575822815 1362.235295387695 2475.52923634523 2107.593177062405 1856.929993295385 1170.707905499916 1574.32684027174 1814.106942823383 2631.639222993912 1129.95619384116 681.2238985825438 2743.063433462668 2027.66096771625 2800.600649860669 1626.10485516771 1616.604466157384 1447.502677026886 1230.060567614457 2585.214111055408 1160.20558523048 1843.650726140936 2727.536984167217 1066.004221380009 1802.10599022366 1118.000447227102 2596.402318593942 1266.848451867862 1975.894734038228 209.7474672075923 1213.763156468345 1104.940269878874 876.1015922825388 1187.941496876004 1629.419528543831 1770.475924716289
2252.270854049308 1708.469783168552 0.0 3332.923341452665 1073.736001072889 2622.806130845358 811.3211448002572 2501.897679762304 829.1905691697175 2793.510336476312 2264.730005983053 782.4659737010933 1532.65423367438 221.2984410247844 2279.527363292663 3482.276554209904 2292.553379967411 3286.384791834334 3065.97537498265 934.0133832017611 2582.162853113645 3551.54121474044 1703.469694476541 3245.71979690176 1183.942988492267 3716.83104270291 846.132377350022 1855.776387391541 214.0210270043577 592.0844534354875 2769.948735987726 2086.778617870137 1532.922046289373 448.4127562859915 983.2461543275925 3047.000164095828 1133.381665636073 3215.883704364945 850.565106267592 1730.967648455626 450.7870894335817 2591.881555935764 171.0263137648707 1452.250667068189 1895.67982528696 139.2623423614582 2138.573823836811 507.0552238168935 2669.801490747955 1292.653472513032 1137.949032250566 823.310391043378 3246.17806042737 1827.943379867112 567.1207984195254 2916.617561491393 902.6560806863265 1572.472257306945 2625.837961489627 1377.630574573605 1275.467365321434 1227.892910640012 2473.698849900691 1650.528703173622 3479.70185504448 3529.201184404199 1872.406205928618 1020.784992052685 1423.781233195606 3630.577089114071 401.0049875001557 2640.376488306166 1287.391937212596 2582.747761590357 2870.338307586755 1615.069657940486 1333.014628576896 832.6631972172182 3193.360768845262 2811.80813712458 1192.820606797183 1530.888630828513 552.9529817262948 2913.171810930485 880.5708375820766 926.7416036846516 1001.0 3435.262144291175 2587.069770995749 2842.382803212825 1885.106097809882 2515.462979254515 1845.798743091998 3554.433850840384 1633.182169875731 826.4605253731119 3018.376550399237 1786.23542681249 3314.915534368862 454.2785489102474 722.7537616643721 3419.544121663003 1419.298418233459 3312.229611606055 1945.111821978366 3041.823137527887 588.4632528884025 1603.745927508469 1997.156478596507 1368.316118446319 3457.028348162624 379.1200337623956 2497.499749749737 1465.944746571302 482.1161685735088 1375.388308805917 751.1298156776896 3549.188639675271 3161.16845485969 503.6050039465454 604.052977809066 2651.274410542975 253.9310930154084 3675.668374595293 1123.854972850145 1630.088647896181 2776.775468056429 330.1938824387878 3779.779490922718 2238.455270940208 1875.298642883314 270.2831848265815 2356.405737558793 3228.433830822617 644.5168733245081 161.4465855941215 3288.280553724089 2340.099997863339 2767.354151531748 803.5981582855949 2595.187083814961 2012.223148659214 3007.217484652549 1581.010120144713 979.8091650928767 1477.271132866272 1152.611382904056 2078.480214002529 596.3597907303946 1075.37249360396
1103.609532398121 2402.816056214042 3332.923341452665 0.0 3447.025529351356 822.125294587145 2538.424708357528 850.7185198407285 2511.709577160544 1030.068929732375 1695.417352748284 2649.138916704822 3362.05130835328 3441.609652473679 1794.274505197017 624.771958397622 1789.489592034555 928.9031165842862 372.3398984798702 2508.211514206886 1444.921105112663 660.8668549715593 1928.374704252262 1101.310582896578 2203.686229933835 417.062345459285 2675.055513442665 1478.048713676244 3149.956348903902 3152.299795387488 844.3518224058026 1696.562701464346 3458.916015170071 2886.523860978807 2674.075728172259 1336.013472985958 3428.18027530642 1189.673064333223 3060.988892498632 2087.301846882717 3771.111904995661 867.6819693874018 3343.36895959749 2479.001815247419 1895.497823791945 3197.561570947462 1394.7229115491 3555.860655312578 785.494748550237 2568.817821489099 2195.774578594078 3447.684730366163 497.6364134586616 2071.580314639044 2801.622387117864 500.371861718862 2454.438021217892 1763.011344262991 1572.778751128079 2235.152791197953 2076.108137838682 2353.3943570936 973.9034859779484 2131.240249244557 147.1767644704829 216.1133961604417 1502.06824079334 2575.05728091629 2132.529249506323 554.4763295218291 3704.461769272292 1293.387026376869 2416.404767417909 1507.782477680385 477.200167644564 3443.823456566843 2147.804925965112 3412.1034568137 718.3571535107031 758.0217674974776 2215.773679778691 2965.158005907948 2808.105589182857 1061.233244861845 2712.551750658409 2611.056491154491 2332.154583212699 644.0496875241847 992.3628368696603 747.4663872041338 1760.316164784042 819.3192296046761 1491.484160157258 784.6234765796904 3196.274393727797 3344.204688711503 324.2298567374695 1821.03075207422 1498.551634078719 3701.246411683502 3081.9839389588 1445.115912305999 3515.003556185968 1323.58792681106 1406.770059391371 693.7449098912366 3067.123244996849 1782.151789270487 1684.185262968418 2115.023640529817 1383.309437544615 3103.471926729804 1163.197747590666 2366.372751702487 3091.442705275322 2775.018017959523 2589.211849192723 335.431065943511 340.587727318528 3077.123981902582 3131.982439286657 828.6965669049197 3243.039469386705 381.0721716420657 2210.963590835453 3083.950226576298 1542.005188058717 3510.912417022105 446.8568003286959 1102.219578849877 1519.258042598426 3195.468823193241 1173.798108705241 543.2025404947956 2727.571813903348 3492.491517527279 715.9671780186575 1346.739024458711 611.1211009284493 2548.737726797326 1570.786427239553 1338.484217314496 434.2315050753458 2296.56635001038 2353.169777130413 3484.828833673183 3161.65415565966 1316.371528102914 2824.673609463578 2482.003223204998
2522.814499720501 1185.959527134042 1073.736001072889 3447.025529351356 0.0 2919.352154160234 1423.989115126938 2605.81753006614 1400.12142330585 3218.195301718029 2883.283718262911 1552.618433485832 502.332559167729 890.9062801439891 2934.403176116056 3770.098274581181 2946.543059247565 3681.028660578453 3277.007476341792 1655.730654424203 3135.403642276382 3839.75337749705 2328.644670189078 3691.816896867991 1343.501395607761 3765.137978879393 1675.52409711111 2113.827097943443 972.7486828569854 553.1663402630352 2700.638628176676 2683.121316675785 474.6588248415908 1178.071729564885 1851.224999831193 3569.123281703786 69.2314957226839 3688.564625975801 437.3854135656561 1413.016631183087 1079.082017272088 2593.881454500186 1244.739731831518 1007.246245959745 2548.369086298137 1107.079491274226 2591.877504821553 652.1502894272148 2964.122298421575 887.0287481248846 1498.040386638491 259.2392717163046 3515.597388780462 1468.373930577631 1342.827241308427 2961.86242084267 1499.522924132872 1818.490032966912 3221.863435963728 2087.726275161569 1506.11088569202 1965.283694533693 2799.736594753157 1349.998518517706 3583.50694153088 3661.452444044576 1971.111868971419 905.8062706782284 1316.70573781692 3869.008270862186 1007.262627123632 3145.426044274448 1030.674051288767 3156.84668617277 3049.346979272776 564.0221626851201 1957.628412135459 242.1672975444868 3530.725704440944 2768.475392702633 1310.246541685953 704.4948544879516 1319.488537274955 3354.735906148203 805.3483718242684 1738.268391244574 1442.083215352013 3734.719400436933 2515.890498412043 3166.417060338073 2468.07495834304 2701.296170359703 2128.814223928429 3879.303674630281 670.5467918050164 253.1402773167478 3124.039052252708 2373.914910016785 3863.267528919011 894.1521123388346 499.0090179545857 3943.800831685089 347.3110997362451 3814.348699319452 2083.07777099176 3368.968536510841 622.774437497237 1704.935189384042 2569.245998342704 1984.452065432672 3960.972860295814 803.2042081563069 2933.428028774526 1103.777604411323 1488.247627244875 739.7972695272672 1353.249792166989 3574.890907426407 3189.672240215286 1505.326874801616 556.5941070474965 2643.048429370904 1306.998087221248 3724.328798589083 1474.537554625178 721.7658900225197 3364.232007457274 1375.677651195948 3873.982963307918 2477.578858482611 2268.446605058184 849.1430974812196 2297.42660383308 3512.046696728277 1034.242234681992 1118.493629843282 3621.239842926729 2182.559277545515 2836.382555298209 1174.659525139093 3189.919277975542 2147.492724085462 3044.841539390843 1197.878958826809 1421.351821330665 411.4280009916681 309.9580616793182 2136.6808371865 1436.714307021406 1847.691803304869
396.8526174790838 2056.612992276378 2622.806130845358 822.125294587145 2919.352154160234 0.0 1812.307369074021 533.6703102103395 1793.85423042119 436.0229351765799 907.1813490146278 1891.778263962243 2940.778298342124 2758.119830609251 1014.676795832052 867.138973867511 1012.354187031397 781.9520445653941 473.7013827296686 1743.555275865953 737.1302462930144 937.2432981888961 1110.785757920941 843.2822777694312 1590.113517960275 1238.998385793944 1899.798936729885 811.0055486863206 2458.472899993002 2538.561009706089 944.0338976964757 880.7774974418908 3029.285394280308 2175.125283748042 1879.610863982223 876.621925347524 2914.201434355559 878.0091115700337 2499.152056198262 1720.117728529068 3071.176484671631 764.2944458780267 2610.477734055588 2050.533589093337 1074.241127494195 2484.166258526188 574.1863808903865 2911.478833857461 47.07440918375928 2096.312238193538 1513.779376263265 2870.307300621312 623.910249955873 1745.028653059886 2068.132007392178 697.6890424823941 1722.47844688983 1113.114998551363 886.000564333906 1428.742804006375 1437.613647681462 1555.525956067593 157.2577502064684 1735.622366760696 960.0255204941169 970.2705808175367 973.5363372776591 2014.442354598413 1630.606328946383 1007.9216239371 3011.410466874285 604.466707106355 1922.573795722807 802.8860442179824 374.2325480232846 3034.312113148547 1361.378712923042 2838.767338124067 611.657583947097 886.4880145833896 1616.267613979814 2567.159519780569 2078.010827690751 560.9723700860854 2130.502522880459 1830.298882696485 1633.843627768582 825.1121135942678 942.648396805511 249.3270943960965 938.8700655575296 329.0744596592085 804.2045759631065 962.2515263692752 2811.480037275741 2773.242326231157 609.5842845743318 1002.960118848202 1154.045493037428 3024.699158594124 2493.051343233829 1177.173733991716 3054.936987893531 1030.866140679768 854.1124047805417 449.7554891271478 2449.09064756697 1218.361604779139 862.3236051506418 1326.87489990579 1160.010775812018 2444.046644399407 382.2839258980163 1931.020973474913 2329.711570130517 2337.602404173986 1871.81729877678 1134.03527282003 854.2891782060685 2313.553543793616 2520.065078524759 785.87530817554 2502.224010755232 1203.169979678682 1533.039464593133 2705.665352551937 918.2864476839458 2764.643195784946 1238.473657370233 444.8303047230483 750.7256489557287 2522.494202173714 960.0416657624813 609.1411987380266 2063.67487749403 2777.605623554215 701.9237850365238 1182.027072448004 599.7707895521421 1881.548830086533 872.3508468500504 798.1591320031363 752.7874866122577 1895.912708961043 1656.401521370951 3040.345046207749 2665.896659662561 870.4803271757496 2075.742035995803 1692.792367657652
1446.765357616777 1391.80638021242 811.3211448002572 2538.424708357528 1423.989115126938 1812.307369074021 0.0 1724.840282460959 50.24937810560445 1989.205368985314 1511.092320144603 216.1133961604417 1709.036278140403 963.3509225614516 1545.006472478352 2670.955634225324 1557.711462370358 2480.831513827572 2259.774546276686 242.2003303053074 1806.204030556903 2740.227910229366 942.25102812361 2447.78532555451 555.7922273655867 2931.31591610321 345.6848275524976 1062.015065806507 663.1930337390464 894.8798802073941 2040.947329060699 1320.123100320572 1756.40655885817 366.8950803703969 508.9921413931653 2265.812878416927 1453.675342021044 2423.198299768304 1005.726105855864 1258.791881130475 1261.299726472657 1843.694117797201 805.0962675357525 1165.010729564325 1153.734804883687 672.3094525588645 1332.884090984659 1164.605083279306 1859.252000133387 1051.981463715022 382.7819222481647 1263.396216552828 2435.297517758354 1362.062039703038 264.1514716975849 2144.672469166329 93.04837451562494 800.2355903107534 1866.830736837167 666.1080993352356 561.8051263561058 541.6133307074338 1662.569096308481 1187.471683872925 2685.577219146752 2729.886627682549 1130.68165280949 740.9453421137082 895.3172622037397 2820.224813733827 1205.230683313365 1850.60260455885 934.8475811596242 1814.364902658779 2070.016425055608 1810.52036718729 560.0160711979612 1245.829041241213 2382.85647910234 2071.418113274092 593.6707841893518 1508.623876252792 269.6831474156292 2112.274603360084 714.1939512485386 369.4319964486021 237.9936973955403 2624.0 1867.181833673411 2031.080992969015 1108.953109919441 1719.107908189593 1046.940781515363 2744.016399367905 1707.419690644336 1196.338162895425 2229.60198241749 1009.756901437173 2544.23131809983 1231.347635722748 925.0 2641.855408609638 1701.296564388467 2527.455044110577 1182.466067166411 2230.733063367287 811.1208294699378 893.8014320865681 1219.081621549599 592.220398162711 2673.733157964721 705.0631177419508 1692.634928151963 1110.693477067368 590.1609949835722 1265.734964358653 73.38937252763509 2770.945326057517 2388.576144903067 582.2198897323931 884.4127995455516 1904.338730373355 706.0601957340465 2890.527979452889 378.9775718957522 1651.095696802581 2015.874003999258 975.3040551540837 2984.713219054722 1437.812226961504 1064.004229314903 751.0612491668039 1644.715780917785 2417.234163253531 390.4663877979768 965.2983994599805 2477.762095117285 1676.616235159376 1992.495169379339 296.9983164935451 1835.268372745523 1246.31456703354 2235.323019163002 1199.426946504038 225.7432169523594 1728.171287806854 1309.711800359148 1336.793925779138 310.787708894673 436.3714014460618
424.5373952904503 1619.841041584019 2501.897679762304 850.7185198407285 2605.81753006614 533.6703102103395 1724.840282460959 0.0 1693.383890321388 969.6927348392376 1307.468546466797 1858.841843729584 2553.933632653754 2600.321710865792 1420.535462422533 1210.841855900266 1421.951124335854 1257.132053525007 691.0347313992257 1728.843833317515 1228.327724998504 1276.915423980774 1295.390674661509 1350.98815686889 1355.059039304192 1216.003700652264 1904.642748653931 670.8576600144028 2312.646319695253 2301.667221819871 464.9688161586753 1210.889342590808 2648.021525592268 2059.711144796765 1934.297029931029 1410.090068045301 2590.028957367079 1397.242999624618 2212.886124498954 1288.820002948434 2933.783393504026 247.7781265568048 2524.469449211062 1660.675766066332 1347.312139038315 2369.010341893847 849.76349650947 2706.767998924178 553.1762829333883 1736.748974377126 1365.056775376028 2598.658884886587 958.1753492967766 1293.208799846336 1988.891651146437 420.6399885888169 1646.535757279507 930.4069002323661 1379.078315397643 1539.015919345866 1233.10542939361 1630.717940049719 554.0487343185615 1320.959121244863 993.6201487490076 1061.075397886503 651.4637365195396 1725.779244283579 1289.125672694482 1275.731162902279 2865.053053610003 1113.800700305041 1577.345238050313 1291.32877300864 456.9835883267582 2641.094091470427 1411.55942134931 2563.429733774655 1047.851611632105 438.5076966257263 1365.776336008206 2163.983364076536 1992.993978917147 1092.477002046267 1862.130231750723 1849.796204991242 1506.360182692041 1187.765128297678 416.329196670135 738.8748202503588 1175.923892095062 206.3055985667864 696.6039046689302 1345.786015680056 2402.839986349486 2495.666043363975 527.0569229219933 1199.805400887994 1683.736618358109 2857.268800795613 2231.648941926127 1698.491683818322 2693.141659846359 1552.157530664977 560.0571399419885 898.6144890886192 2216.687844510363 931.7086454466332 1143.75259562547 1383.417868902957 1673.83183145739 2257.752865129397 856.8926420503329 1544.205297232204 2298.251509300059 1956.352984509697 1769.36146674443 1047.854951794379 663.8267846358717 2285.996062988736 2281.319793452904 288.0624932197873 2430.358204051411 1174.704218090665 1378.295323941861 2292.670277209525 1433.469218365012 2699.874071137393 1292.395063438421 371.6153925767877 805.9857318836358 2352.395587480983 436.9759718794616 968.310384122777 1884.711649032817 2662.684547594777 1120.721642514322 657.7537533150229 267.7256057981754 1708.124702707622 1360.167636727179 491.9288566449421 511.0039138793362 1486.826486177859 1526.253583124377 2668.391650414159 2327.000859475561 469.2334173947972 2023.487336258866 1737.902759074857
1424.059338651308 1342.505121033063 829.1905691697175 2511.709577160544 1400.12142330585 1793.85423042119 50.24937810560445 1693.383890321388 0.0 1980.891970805071 1518.626023746465 266.270539113887 1674.207275100667 972.2602532244132 1555.99807197824 2654.910356302073 1568.604475321934 2471.469198675152 2237.656363251516 281.3112155602759 1807.97345113251 2724.370385979116 950.8533009881178 2442.029483851495 506.3200568810207 2902.396940461452 394.8328760374445 1033.992746589646 671.2525605165316 878.0802924562195 2002.808278393117 1325.47350030093 1723.487452811885 381.2833591962807 555.7139551963762 2265.535918938387 1427.878496231385 2419.356319354386 977.4916879441994 1208.590915074245 1277.435712668156 1807.63740833166 832.3250566935973 1116.881820068713 1165.087550358341 690.9739503049301 1324.547092405551 1163.597868681444 1840.872890777633 1005.68384694197 341.6972344049627 1246.645498929026 2417.446793623388 1311.875756312312 297.5583976297762 2112.596743346917 99.76472322419383 765.8733576773643 1872.343985489846 687.6081733080258 517.3490117899134 569.5261188040457 1645.478957629055 1137.226450624501 2658.798600872206 2704.793152904673 1092.440387389628 696.5809357138623 845.185186808193 2801.494779577502 1219.059473528671 1848.368199250355 886.2759164052694 1817.945268703104 2045.10953251898 1776.014921108491 569.5726468151363 1227.731648203303 2369.324798333905 2034.61740875281 543.7370688117558 1466.806394859253 299.9233235345328 2105.547197286254 675.883125991469 415.4094365803454 195.4891301325984 2608.582181952487 1827.887578599953 2015.521024450006 1112.763227286021 1692.606569761562 1020.769317720708 2730.505630831037 1668.261670122526 1176.477794095579 2201.181500921721 1013.984220784525 2546.214445014402 1240.41605923174 901.3378944657769 2642.087243071281 1671.569621643083 2525.930323662947 1147.475925673388 2216.069719119866 792.5477903571493 851.1498105504107 1221.885837547846 600.3082541494828 2672.48835357612 699.2631836440412 1684.300448257377 1061.407084958453 632.0957205993409 1222.260201430121 78.10889834071403 2740.418398712138 2356.781916088122 625.0799948806552 866.614677927855 1868.186553853763 737.2218119399344 2861.509566644851 336.1086133975147 1610.155893073711 2020.706064720943 1006.833154003184 2958.294779091495 1412.731043051012 1048.050571298924 752.5210960498051 1604.302028920989 2400.240821251068 366.1543390429779 985.4826228807893 2464.17734751377 1632.567609626015 1960.847265852188 255.3683613919312 1840.658849434082 1212.033415380946 2203.302975080822 1149.595581063184 181.0110493864946 1696.732447971689 1277.063036815333 1299.066203085893 353.9265460515783 473.2705357403945
749.1061340023855 2441.83148476712 2793.510336476312 1030.068929732375 3218.195301718029 436.0229351765799 1989.205368985314 969.6927348392376 1980.891970805071 0.0 721.2613950572982 2024.655279300652 3286.984180065368 2952.336193593135 802.1726746779648 769.8012730568845 794.7685197590554 493.3771376948875 664.2537165872691 1871.214846029178 420.3867267171979 829.6077386331447 1136.55488208885 473.6253793875493 1874.709844215899 1416.404250205428 2003.397114902585 1117.594738713457 2651.649486640344 2792.855169893347 1366.023425860626 795.6161134617624 3371.099820533352 2355.762721498072 1944.726458913952 441.1915683691156 3220.139437974698 478.48092960953 2786.951201582116 2107.210715614364 3244.04269392374 1197.601770205772 2755.667977097386 2409.843978352126 1017.208926425638 2654.480363460992 656.4099328925485 3136.007812490269 420.5948168962618 2437.387330729361 1749.771413642365 3141.82431081052 617.2876152977638 2141.975956914549 2226.894249846634 1078.644519756161 1896.263694742901 1401.861976087518 542.7200014740566 1481.270400703396 1712.779320286183 1626.0162975813 465.4653585391721 2114.00780509439 1136.890935842133 1102.390584139759 1340.553989960867 2315.188545237731 1973.39833789329 969.9288633709175 3192.026472321306 269.6516271043066 2259.184366093215 480.58506010903 712.198006175249 3383.748513113822 1469.70609306759 3113.283154484988 454.2345209250394 1301.623985642551 1908.689864802556 2927.252636859347 2240.564437814722 140.0357097314824 2415.414043181831 1926.37119995083 1848.41148016344 713.0848476864446 1376.939359594314 300.0266654815868 945.0105819513345 764.6973257439835 1095.562412644757 791.7701686727027 3172.558588899502 3050.339817135134 933.773527146706 1035.70507385066 725.8271144012189 3220.439876787021 2764.687504945179 764.3677125572482 3383.898934661022 621.1674492437606 1221.101142412045 362.2209270597158 2702.412440764733 1552.154953604826 838.848019607843 1433.813446721713 761.2154754075879 2666.060764498814 296.609170458366 2290.813392662091 2442.374254695623 2687.384788228139 2056.241230984342 1365.4127581065 1179.003816787715 2423.797433780307 2776.015129641768 1215.527868870146 2639.921400345093 1388.455976975864 1771.61903353966 3070.370824509639 525.0009523800885 2889.701714710361 1359.169231552863 817.9058625538761 956.4543899214432 2731.142801099935 1393.299680614332 576.1466827119635 2292.502998907526 2940.060033400679 541.1330705103875 1614.856030734629 1009.136759810086 2113.916270811122 541.5016158793989 1175.490535904054 1113.583854049618 2268.477242557218 1871.406422987802 3376.047689236631 2984.766154994391 1272.404023885495 2214.245921301426 1777.322143000531
902.2693611111928 2358.835517792625 2264.730005983053 1695.417352748284 2883.283718262911 907.1813490146278 1511.092320144603 1307.468546466797 1518.626023746465 721.2613950572982 0.0 1483.066080793435 3056.08654982152 2450.31120472482 113.0707742964556 1487.71099343925 115.2605743522042 1161.234257159166 1323.964123380993 1334.151790464638 348.9312253152475 1544.612896488955 569.0140595802533 1060.317405308429 1592.270391610671 2102.425504030999 1427.017168782492 1026.077969746939 2158.991662790757 2390.684002539859 1771.007058145167 201.8539075668341 3126.634612486723 1859.024475363356 1329.079756824247 804.4799562450266 2899.677913148286 1004.972636443401 2446.651793778592 2052.777874003907 2705.464285478557 1553.669205461703 2196.000910746624 2252.609597777653 370.0054053659217 2130.136145883638 485.2422075623678 2672.887015943622 931.1809705959416 2231.726909816701 1391.604110370474 2757.152516637409 1334.044227152908 2118.403408229887 1706.966900674995 1592.136928784707 1421.526644140024 1199.965416168316 361.2713661501559 888.380549089184 1431.616219522537 1039.232890164664 791.7676426831296 2031.86343044999 1819.138532382842 1800.883394337346 1324.605979150026 2027.11617821969 1807.753578339703 1690.795079245264 2664.747830471018 467.0867157177562 2054.658122413556 328.6943869310822 1280.112495056587 3158.015832765884 951.1561386018597 2735.055758115363 1173.364819653291 1733.537712309715 1638.250591332107 2745.896210711541 1725.0011594199 781.2195594069569 2088.983724206582 1346.001485883281 1442.338725819979 1430.236344105407 1707.304307966216 954.1121527367734 415.4960890309318 1127.817361100635 982.153246698294 1491.464381069826 2984.600810828812 2679.090330690624 1516.319557349308 509.7342444843195 1053.229794489313 2712.872462907167 2394.736937536146 1164.302366226231 3108.512506006691 1071.825079012429 1231.188856349829 1078.355229040969 2302.515363683813 1417.949575972291 321.3098193333033 918.9695315950361 1210.714252001685 2216.085287167441 534.072092511863 2142.689898235393 1855.642745789178 2489.663631898896 1584.028408836155 2022.982451728141 1761.447132331822 1835.06403158037 2377.441061309407 1595.263614579108 2075.047228378188 2070.650139448961 1415.310566624866 2896.179725086135 512.3163085438526 2303.062743391938 2064.677456650312 974.5891442038537 750.1499850029993 2257.935561525173 1623.382271678485 1294.898065486237 1873.334994068066 2396.142942313751 1256.170768645728 1818.263457258051 1472.541001126963 1713.338261990317 331.0135948869774 1222.497443760109 1655.043503959941 2157.638755677141 1463.652964332734 3116.661033863003 2700.46755211019 1368.772442738383 1668.499026071037 1194.060299984888
1546.992243031619 1606.488095193986 782.4659737010933 2649.138916704822 1552.618433485832 1891.778263962243 216.1133961604417 1858.841843729584 266.270539113887 2024.655279300652 1483.066080793435 0.0 1876.009061811803 969.1491113342673 1501.455960060101 2735.858366217082 1514.443792288113 2518.003177122698 2352.08715824903 153.5838533179839 1800.001111110768 2804.087373817014 921.0917435304694 2469.69633760914 767.6066701117181 3050.373091934821 136.4880947189168 1188.353903515278 685.8104694447293 1005.19898527605 2201.488814416281 1304.34504637385 1916.314431402112 395.4099138868422 312.1954516004357 2265.173061821105 1589.216473612075 2437.032006355271 1154.612489106194 1473.784244725123 1227.824906083925 1996.183608789532 731.0164156843539 1376.802454965853 1114.842141291761 647.0927290582084 1375.181806162371 1207.3591015104 1938.078687773022 1258.813727284542 570.7372425205841 1366.931234554248 2508.791143160387 1576.911538419324 229.9239004540415 2279.369430346911 240.7509086171846 955.1177937825261 1843.949023156551 598.8196723555432 756.128295992155 452.0929108048477 1737.551438087517 1403.002494652094 2796.120526729847 2833.128659274054 1296.087188425223 943.4007631966385 1109.876569713948 2896.076138501887 1183.264129431802 1861.197732644224 1147.965591818849 1800.284699707244 2174.949424699342 1975.965839785698 555.6446706304308 1354.709193886275 2438.237068047322 2226.230895482317 807.3722809212612 1700.402599386392 250.8744706023313 2140.160040744617 899.5521107751346 185.9704277566732 435.7843503385591 2686.401496426028 2033.100341842478 2096.93228312218 1104.00090579673 1832.687916695038 1166.276982538882 2797.848637792974 1889.647850791252 1312.493809509211 2348.603840582741 1005.560540196362 2532.47783800767 1229.993495917763 1059.245958217448 2637.21917936299 1849.782960241552 2530.860723153291 1334.656884746038 2291.66424242296 930.002150535148 1078.140992635008 1216.112248108702 591.433850908113 2675.314187156342 780.9334158556669 1730.592961964193 1325.40899348088 442.3403666861075 1463.520413250188 248.8473427625861 2897.246451374132 2521.283998283414 428.5148772213166 998.6175444082685 2056.994166253274 616.042206346286 3010.1031543786 572.1022635858034 1839.578756128696 1994.799488670478 873.4992844874001 3092.94940146133 1547.823310329703 1142.429866556368 796.2637753910446 1816.046530240897 2487.165454890366 546.3853951195987 919.9586947249317 2532.944926365356 1863.046161532237 2125.993885221686 498.8957806997369 1813.183112650236 1395.121858476886 2369.469982928672 1415.220830824646 428.8414625476412 1882.808806012974 1471.003059140259 1498.665072656329 189.7893569197177 308.1768972522113
2553.845140175888 969.751514564427 1532.65423367438 3362.05130835328 502.332559167729 2940.778298342124 1709.036278140403 2553.933632653754 1674.207275100667 3286.984180065368 3056.08654982152 1876.009061811803 0.0 1370.372212210974 3122.306839501845 3756.476141279218 3133.574636098524 3720.485183413582 3243.398217918977 1950.940798691749 3267.832615052369 3824.393808174048 2531.763812048825 3755.486919162414 1464.175535924569 3639.889284030491 2008.757078394498 2170.080413256615 1397.140651473573 956.6216598007804 2561.278001311064 2854.35842178238 100.6628034578811 1542.653882113548 2186.907405447245 3672.724465570484 433.1754840708325 3765.053120475195 733.48483283569 1274.76193855951 1580.213909570473 2494.470885779187 1701.277461203786 894.910610061139 2751.827937935074 1541.71754870988 2702.533071027994 1150.513798265801 2982.436084813889 849.6316849082313 1674.83879821313 755.0079469780434 3501.007997705804 1296.445910942682 1693.549231643415 2863.711752254406 1767.786469005802 1900.228407323709 3371.639660461954 2342.807076991189 1626.493160145471 2240.202223014699 2840.719803148491 1234.187181913667 3489.320850824699 3578.136386444765 1967.416580188344 1033.007744404658 1314.330247692717 3829.44395441427 1507.060715432527 3254.742539741047 1028.408965344041 3298.394306325428 3009.979568036966 102.8250942134263 2186.839957564339 730.0335608723752 3547.62032917842 2637.9025759114 1419.323782651443 399.8462204398086 1670.751926528891 3426.636981064671 1002.726283688625 2059.719641116237 1660.761873358128 3727.58433841543 2386.256691975949 3189.994514101866 2644.319194045984 2682.303674083156 2195.081775242098 3880.202700890767 215.6409052104911 715.4369294354325 3047.170818972904 2557.735326416711 3971.847177321907 1395.545054808335 850.0847016621344 4038.705857078477 224.1628872048181 3901.673743408077 2086.666480298181 3386.450206337013 996.3864712048232 1734.949566990349 2735.092868624391 2207.928440869405 4045.588708704828 1209.944213590031 3019.037263764726 1013.367159523141 1900.043420556488 603.252849143707 1646.076851182836 3444.717840404349 3074.086043037833 1914.467288829976 950.9852785401044 2535.91186755376 1746.840004121728 3600.384007296999 1651.469951285824 315.1634496574753 3505.358326904683 1849.375299932385 3767.029864495369 2497.003203842558 2372.928991773669 1282.822668960913 2188.612574212257 3504.240003196128 1330.084583776536 1597.961826828163 3633.249234500711 2034.420064785048 2755.414306415643 1423.088542572106 3340.146853059009 2143.904148976815 2939.442464141797 1068.101118808514 1643.814162245842 154.2627628431437 407.5782133529711 2097.575028455478 1796.169813798239 2145.390640419595
2378.37024031163 1661.984957813999 221.2984410247844 3441.609652473679 890.9062801439891 2758.119830609251 963.3509225614516 2600.321710865792 972.2602532244132 2952.336193593135 2450.31120472482 969.1491113342673 1370.372212210974 0.0 2470.595070018557 3622.684225819303 2483.580077227227 3443.488057188525 3190.107208229842 1116.198011107348 2760.056883471788 3692.407886461083 1884.42564193974 3410.87232244187 1254.770895422746 3816.032756672825 1046.560557254094 1972.456590143367 301.0415253748226 482.3743359674103 2838.505416588103 2267.400714474616 1360.581125842925 598.0209026447153 1192.558593948323 3222.913123247352 954.5098218457472 3385.059083679338 740.6483646103595 1727.451880661224 343.6335257218073 2672.004678139617 379.3481250777444 1410.115243517352 2083.27938596819 329.9530269598993 2295.936628045295 287.5865087238968 2805.193219726584 1248.359723797592 1250.960031335934 633.5147985643272 3381.939236591929 1819.148152295464 743.3471598116186 3008.841139043403 1056.381086540269 1679.315336677421 2810.483588281561 1567.94929764964 1367.230777886455 1420.273917242727 2612.658607625573 1647.539377374635 3587.556271335684 3642.557892470619 1958.180788384974 1013.876225187276 1450.674325960172 3763.346516067847 267.5518641310503 2811.120239335201 1273.979984144178 2763.838815850158 2986.955808176613 1446.326726573218 1507.455140294397 649.0585489769009 3340.396683030325 2885.916492208325 1254.782849739348 1415.411247659139 725.5811463923246 3075.611321347351 863.0202778614185 1125.879656091183 1124.46342759558 3577.375155054331 2652.869578399963 2984.551055016483 2061.380120210729 2629.438152914041 1967.07701933605 3701.491185995179 1490.620340663578 655.0801477681948 3122.904097150599 1962.030071125313 3495.991132711867 268.1678578800972 619.2673090031477 3597.508165383367 1238.199095460823 3486.40588572243 2040.374720486411 3186.083018378523 511.8925668536319 1682.051723342656 2172.940174049898 1541.974059444581 3632.117288855083 359.0501357749361 2655.733796900585 1441.613332346784 702.5987475081349 1290.380564019778 896.2282075453774 3643.083446752215 3252.557916471281 723.8957107208192 499.9169931098562 2730.206036181152 474.7820552632544 3774.67627751043 1233.985818395009 1500.133327407934 2961.017561582504 485.1607980865725 3887.784201830138 2358.520086834115 2017.953418689341 250.7309314783479 2421.038000527873 3366.529667179542 715.8191112285282 228.0219287700198 3435.173940283083 2384.827247412273 2862.463973572419 892.9260887665899 2779.455522220134 2108.412910224181 3098.905935971597 1558.011553230592 1102.036750748359 1300.841650624702 1012.422836565829 2160.952799114317 790.423936884505 1270.83161748518
