0.0 2606.92941983476 548.5125340409278 2009.494463789338 1367.890712008821 2233.32039797249 1130.630355155919 580.679774057957 515.1970496809935 582.0687244647319 721.5019057493888 262.8649843550867 2790.409468160542 2301.459754156044 2489.765450800537 2438.901802041238 2948.687843770514 2589.153722744171 3007.57876039847 783.1711179557121 258.0949437706985 1980.493372874547 1987.896627091057 2459.222844721478 526.5405967254567 1184.122037629568 661.7869747887155 814.3168916337178 492.3190022739321 881.4578832820091 3069.991042332209 439.7203656871035 2432.875048168319 838.2988727178392 843.9763029848647 2910.245522288455 1129.449423391769 698.5527897016804 1123.950621691185 1099.941816643044 3098.665841939076 2516.896700303769 1673.255509478454 3350.021044710018 2850.509603562142 477.246267664819 1487.58193051677 2963.020418424416 655.3968263578944 1988.569837848296 3164.462829612634 1417.391971192161 1002.904282571373 1437.234149329886 2039.979656761312 1298.837172242926 1008.476573847901 1176.55471610971 592.0760086340266 1414.330230179642 809.6542471944429 1258.215005474025 2953.183028530403 2358.788884152204 1227.26117839684 1534.854390487905 1426.981779841635 651.9202405202649 1034.234016071798 1191.649696848868 438.5487430149583 1044.84448603608 838.6018125427586 1359.06585565233 939.9877658778331 674.0756634087898 2349.45780979357 2795.832970690488 1315.717294862388 821.647126204431 1472.162015540409 2579.432689565673 2065.308935728503 1155.770305899922 772.9113791373497 629.4958300100168 1627.733700578814 1867.113547698693 1718.81645326079 149.4958193395387 792.1237277092513 3020.107613976694 765.2091217438538 965.549066593718 95.96353474106714 2882.76048259303 737.1092185015732 229.4776677587604 617.8235994197696 1248.565576972231
2606.92941983476 0.0 3153.619666351667 1013.452021558002 3182.537666705612 932.0713492002637 1479.721595436115 3056.211052921575 2096.84644168332 2886.165102692498 3328.101560950327 2435.427067271775 183.96738841436 411.6916321714591 881.8508944260361 236.103790736193 510.9256305960781 522.5514328752721 882.3361037609194 2273.839484220467 2578.468149890551 1244.034163518028 1287.069539690844 608.4734998338054 2091.023194515068 2700.631407652662 1987.909706198951 3367.450816270373 2958.179338714947 2436.615070133155 553.6370652331724 2797.624885505561 707.0007072132248 1768.991803259699 2031.975639617759 604.2019529925404 1803.817341085288 2291.295921525633 3317.736879259716 3187.11546700147 664.822532710798 216.9469981354893 936.4000213583936 1093.457818116456 531.1798188937528 2148.345642581752 2039.827688801189 505.1702683254429 2546.693542615601 673.0267453823808 940.7071807953844 1227.516598665778 3354.727410684809 1296.173213733412 888.2206932964352 2637.2760568435 1620.232082141321 1445.009342530352 2907.098381548172 1253.512265596153 1976.710651562337 2881.477398835535 394.3158632365682 464.6633189740718 2070.368324719058 1433.633495702441 3389.174825824127 2826.450247218231 2695.543915427831 3424.839266301413 2247.65522267095 1801.749427639704 3362.15228685436 1347.862381699259 2440.731447742664 3046.304810750231 488.6726920956398 259.0077218926108 2230.848493286803 2279.900217114775 2318.355451607885 457.0536073591368 800.232466224659 1456.934452883863 3321.788825316865 2543.680011322179 1118.050088323417 1282.622313855486 906.8875343723719 2511.653638541748 3325.891910450488 830.7207713786865 3370.407690473068 1716.611196514808 2693.566409056959 742.2351379448429 3188.223486520354 2621.391424415667 3074.829588773986 2661.168352434697
548.5125340409278 3153.619666351667 0.0 2514.877730626282 1413.266075443687 2738.521133750843 1678.964264062818 369.4116944548453 1063.530911633508 664.6878966853541 189.7076698502198 739.4322146079382 3337.276883927973 2840.912705452246 2996.225959436304 2987.286394037237 3496.680997746291 3134.846248223348 3547.558033351957 1203.247688549619 661.366010617419 2496.89807561302 2500.314580207858 3003.092572665718 1073.957634173714 1416.943541571082 1186.001686339442 343.956392584874 385.1752847730498 1225.401974863759 3609.489853150996 527.7650992629202 2952.13431266262 1386.099924247888 1291.604428608078 3456.43761696924 1627.880216723577 1127.844847485681 1020.684574195182 1077.03760380035 3646.104770847925 3059.154294899164 2221.131693529224 3890.691069720134 3397.412103351608 1022.315998114086 1908.882919406007 3500.489680030495 973.8362285312659 2536.924910201325 3683.830750726749 1964.988040676075 810.704015038781 1977.831135360145 2579.167501346122 1559.602513462966 1545.622528303725 1724.925795505418 570.3507692639679 1946.147990261789 1286.823220182166 1422.529085818634 3495.950228478661 2893.622124604386 1656.044685387445 2018.437019081844 1382.729546946907 792.0770164573645 1263.801408449919 1039.810078812472 935.989850372321 1555.308972519608 497.3982307970144 1882.192870032187 1277.452543149842 525.2237618387044 2896.606635358001 3344.212911882256 1699.014420186009 1233.201524488192 1829.762006382251 3112.013014111606 2588.266794594406 1704.240886729338 409.6950085124299 953.3021556673414 2150.883771848214 2383.611755299088 2260.863551831468 664.2326399688591 359.3021013019546 3562.089836037267 241.9194080680589 1485.094273101879 460.0532577865307 3425.209190691862 450.5685297488052 571.1129485487087 403.1128874149275 1498.970980372869
2009.494463789338 1013.452021558002 2514.877730626282 0.0 2976.093580517925 223.9732126840172 1078.885072656027 2325.000860214895 1572.468123683275 2448.640439100849 2702.986681432226 1777.990438669455 1160.543407201988 604.6924838295909 481.4145822469444 1028.580575356156 1521.216618368338 1389.512504441756 1843.256357645349 1990.508728943433 2076.174607300648 1621.972256236216 1667.44625100781 1375.184714865607 1581.089814020696 2538.498965924548 1348.754240030407 2652.127447917992 2235.452974231397 2190.807157191157 1230.943134348618 2063.151472868631 464.6988271988644 1271.530180530529 1244.001607716003 1591.800552833175 1660.092768492171 1969.260775011781 2966.851698349616 2870.969870966952 1677.808689928622 811.4733513800684 792.315593687263 2096.813057952473 1515.361673000871 1642.461567282474 2096.467505114258 1106.523384298768 2199.688387022125 943.5094064183992 1179.549490271604 1046.978509808105 2932.595607989619 1225.679403433051 1307.143832942649 2532.242089532515 1039.105865636413 1105.066966296613 2137.988306796836 652.0996856309624 1230.573849876552 2710.25847475845 1179.648252658393 559.3576673292322 1999.510440082772 519.8711378793787 3142.412608172262 2432.115951183249 2475.60012926159 3063.185433498926 1582.207634920272 1598.264058283236 2840.936641320957 666.5133156959432 2218.881024300312 2275.624309942219 1183.089176689568 1272.437817734132 2190.796202297238 2014.428951340801 2335.935144647642 706.2301324639158 221.054291973714 1077.046424254776 2780.463990056336 2186.743011878625 420.0202376076658 1584.463631643213 583.1312030752599 1962.728967534744 2600.02769216022 1805.664974462317 2752.556084805539 1045.541486503525 2076.690877333456 1692.026004528299 2431.720789893445 1944.942158522973 2333.325952369278 2531.815159129908
1367.890712008821 3182.537666705612 1413.266075443687 2976.093580517925 0.0 3180.46301660623 1898.644253144859 1742.223866212376 1499.724307997973 805.4495639082561 1386.178199222596 1598.691027059325 3344.339994677575 3023.751312525552 3411.292570273034 2958.749228981733 3335.299836596404 2934.328202502235 3208.972577009657 985.6429373764112 1130.693592446689 2083.77278031939 2060.101453812409 2781.237494353907 1478.620979155916 483.7561369119776 1791.233373963315 1732.563707342388 1706.30976085821 786.3033765665768 3726.596302257597 1752.309618760338 3295.359767916092 1728.979467778609 2096.225417267905 3235.879169561188 1387.732322892279 1012.976307718991 465.1451386395433 345.6544517288906 3447.634696425942 3183.005497953153 2335.630321776115 3534.127332171267 3202.138348041821 1427.133140250061 1223.104656192593 3649.460919094764 816.6333326530334 2512.434078737192 3976.543725397723 2017.033713154046 699.1151550352774 1900.041315340274 2350.362099762503 578.0077854146949 1971.144337688136 1882.027098635936 1875.715596779 2325.021505276887 2021.253324054162 305.761344842673 3575.10908924469 3120.604108181619 1118.277693598509 2624.761512975988 228.8492953889087 716.2576352123585 503.0159043211258 530.7296863752771 1701.7931719219 1413.196730819881 1029.00826041388 2329.825100731813 763.8272055903743 1892.33532969186 2763.591322898521 3280.325746019746 984.5897622868115 962.1792972206375 969.2811769553765 3340.453262657629 2941.038252046375 1903.181546778972 1090.814833049129 837.072278838572 2556.122454030714 1994.837838020925 2486.786078455483 1282.807078246764 1763.940191729867 3251.059058214723 1368.345716549732 2031.314845118796 1394.372260194529 3133.910177398197 1857.068927099907 1592.383433724428 1782.79583800277 536.8062965353517
2233.32039797249 932.0713492002637 2738.521133750843 223.9732126840172 3180.46301660623 0.0 1281.914583737934 2545.380325216646 1792.840204814696 2668.072712652337 2926.72940327595 2001.887609232846 1054.763006556449 553.8312017212464 257.7518186162806 997.9949899673845 1441.976421443846 1369.479098051518 1799.347103812936 2195.887292189651 2297.55195806319 1720.949156715561 1767.488896711943 1380.053984451333 1800.740125615021 2735.9833698325 1572.372093367216 2872.804901137562 2456.541064179469 2394.259802110038 1058.803570073316 2283.982924629692 277.6274482107272 1487.657554681184 1464.661052940236 1531.865855745861 1845.184001664875 2178.032139340464 3182.70529581361 3084.118026275908 1591.490496358681 717.0641533363664 935.2903292561086 2025.437483606937 1456.780354068519 1862.249177741797 2261.398682231862 933.4077351297235 2412.155260342916 1016.477250114335 962.1668254518029 1217.538500417954 3152.422084683458 1387.291605971866 1383.474249850716 2723.305711814228 1258.280175477624 1301.410388770583 2356.070032914981 863.6538658513606 1453.554264552927 2909.802226956327 1029.847561535201 468.9232346557376 2180.717771743973 735.5718863578189 3351.027454378731 2649.01491124531 2678.578727609103 3279.972103539907 1806.151986960123 1789.731823486413 3064.177703724117 886.4874505597921 2420.163011038719 2493.128556653267 1191.828846772891 1187.010530703077 2370.464933298951 2218.289431070707 2509.551553564899 552.3812089490373 274.6506872374435 1277.510469624418 3004.046604165787 2399.901039626426 631.0190171460762 1696.463674824781 735.4250471666028 2185.492393031831 2820.159569953445 1754.330071565782 2976.367752815502 1268.974783043383 2300.661861291224 1651.608912545582 2650.005660371313 2168.377273446667 2553.001762631589 2725.656618138095
1130.630355155919 1479.721595436115 1678.964264062818 1078.885072656027 1898.644253144859 1281.914583737934 0.0 1619.800605012852 617.6026230514245 1436.554558657624 1850.237822551469 984.16106405405 1662.510150344953 1202.930588188695 1516.277349299923 1308.326029703606 1823.695424132001 1478.800865566422 1921.318557657735 914.0689251910931 1103.83785041101 1053.360811877867 1080.512841200881 1360.202926037141 611.3018894130788 1460.688193968857 567.6592287631727 1914.496539563339 1520.083221405986 1112.615387274506 1963.784611407269 1374.186668542524 1412.595483498372 294.2447960457415 773.9773898506338 1795.48433577127 618.0622945949705 899.4003557926803 1920.762869278767 1812.400893842198 1976.730887096167 1405.003202843325 543.6625791794024 2257.872007001283 1732.16627377397 668.9162877371128 1112.854437920791 1864.195536954211 1141.385123435556 862.3601335868907 2122.943710982465 313.0255580619576 1918.095930864773 424.5903908474614 978.7910910914545 1461.592624502464 266.3080922540657 81.70679286326198 1504.91494776283 433.5262391136204 676.4650767038902 1631.502375113196 1837.156770664932 1278.15492018769 958.7935127022919 809.6499243500242 2070.555963986485 1397.005726545171 1397.20614083964 2022.2175946223 814.3279437671288 536.6796064692602 1890.541721306356 467.0171303068015 1140.000877192645 1638.375109674216 1231.794219827322 1665.249831106432 1150.276923179805 936.4769084179278 1311.318420521881 1503.002994008994 1049.169195125362 31.14482300479487 1846.119443589715 1131.662493855832 659.9181767461781 954.4045263932899 622.0490334370756 1031.932168313402 1878.974454323422 1924.797391935058 1891.676505113916 424.6998940428406 1219.804902433172 1786.486216011755 1763.8268055566 1171.027326752028 1644.281301967519 1457.34724757005
580.679774057957 3056.211052921575 369.4116944548453 2325.000860214895 1742.223866212376 2545.380325216646 1619.800605012852 0.0 1042.56846297977 952.5024934350565 516.5675173682527 636.3874605929944 3239.915122345029 2713.713323105445 2801.977337524342 2910.897627880445 3438.804588806988 3098.446384883882 3534.589226487287 1354.537559464484 800.7121829971117 2544.076453253715 2554.229825211506 2977.100938832944 1062.058378809753 1678.514819714143 1070.460181417319 327.8795510549568 99.74467404327912 1426.402818281007 3476.331399622309 263.0076044527991 2778.178539979027 1328.753551265245 1081.0 3415.151241160485 1706.30155599765 1271.26118480822 1376.200566777968 1417.097385503198 3593.9483858286 2939.81291921782 2144.358412206318 3873.992256058342 3351.2245523092 1025.368714170664 2064.073884336508 3361.758617152635 1181.328912708057 2479.499344625846 3504.164950455386 1925.710518224377 1175.245506266669 1973.627371111376 2573.993395484923 1810.56593362407 1437.423389262885 1679.324268865308 222.0923231451281 1812.703229985537 1103.909869509282 1712.549561326621 3375.42249207414 2752.625292334574 1804.166566589682 1811.471501293907 1732.689239304036 1068.816635349581 1523.5750719935 1402.849243504091 811.5294202923268 1617.847026143078 866.6544870939052 1732.920367472204 1483.253181355092 156.6045976336582 2851.427186515552 3265.220513227246 1881.431635749755 1391.061824650508 2030.194571956097 2963.339332577355 2425.178343957409 1648.438048578108 778.9460828581141 1157.09031626749 1995.365129493848 2431.163096133207 2150.092323599152 729.5382101028019 275.3561330350207 3541.525236391801 568.5578246757317 1343.815463521684 489.8754943860736 3403.313826258167 156.5407295242998 451.3679208805163 41.77319714841084 1753.917044788607
515.1970496809935 2096.84644168332 1063.530911633508 1572.468123683275 1499.724307997973 1792.840204814696 617.6026230514245 1042.56846297977 0.0 876.9492573689769 1232.828049648449 420.0309512405008 2279.858986867389 1805.049860807175 2044.121327123221 1924.902594938248 2433.526658986912 2075.763233126553 2499.853195689699 595.6148084122825 506.9092620972712 1507.194081729357 1520.145058867738 1947.769236845063 30.14962686336267 1156.747595631821 293.9557789872484 1316.14132979707 944.0052965953104 784.0229588475072 2571.567031986528 822.2469215509415 1968.42703700188 330.0015151480368 620.7898195041539 2396.314879142556 715.6675205708304 528.5640926131854 1407.304160442937 1328.435169663917 2583.769726581686 2015.015880830719 1161.214881062071 2841.285800478368 2336.007063345486 73.7563556583431 1173.483702485893 2467.967990067943 683.2312931943326 1473.40490022261 2695.296829664592 902.5940394219319 1360.237111683107 932.6403379652844 1534.828003393214 1220.059834598287 535.414792474022 661.3962503673573 970.2752186879762 941.2810419848049 532.202968800438 1292.357922558608 2449.710595152007 1869.986363586644 927.4750670503224 1149.804331179875 1627.551842492275 870.9006832010181 1041.155127730734 1498.874577808297 329.2369967060202 613.2927522806706 1288.773447895323 906.368578449187 834.8802309313594 1090.487047149117 1834.832962424645 2281.799728284671 1074.364928690433 635.9402487655582 1249.057644786661 2093.269452316161 1598.559664197743 641.8138359368704 1238.374741344477 663.6181130740782 1167.520877757653 1395.127592731217 1220.151629921462 416.0588900624526 1286.396517408221 2510.241821020437 1274.075743431292 547.2668453323296 606.884667791171 2372.504162272429 1194.8062604456 593.6194066908528 1072.500815850505 1189.840325421861
582.0687244647319 2886.165102692498 664.6878966853541 2448.640439100849 805.4495639082561 2668.072712652337 1436.554558657624 952.5024934350565 876.9492573689769 0.0 708.8307273249376 834.2002157755654 3064.234488416316 2638.354979906987 2917.601754866486 2689.067124487598 3152.997938470623 2766.105023313468 3132.749910222647 669.4811423781853 389.3443206212208 2023.231573498199 2017.009915692037 2621.830848853526 867.5511512297128 753.0478072473221 1133.032214899471 1007.120648184715 907.2430765787083 614.9504045042983 3393.34245250903 946.8780280479635 2834.333960562869 1184.92067245027 1388.03602258731 3087.117263726793 1158.939170103418 620.9186742239276 550.8402672281684 518.1235373923868 3289.841637526038 2833.958538863968 1960.609089033303 3475.13006950819 3037.291062772878 806.2257748298549 1317.357961982999 3297.45993152305 385.6488039654732 2225.018202172737 3555.036005443545 1658.66572883146 484.8143974759826 1611.459586834246 2180.43688282876 897.8251500153023 1409.82161992218 1453.108736468128 1071.851668842289 1810.273460005421 1332.897595466358 763.0969794200472 3259.678818534121 2714.600707286433 1084.26288325295 2019.309287850675 845.6979366180339 129.3213052826177 601.1089751451062 631.0507111159926 975.1579359262786 1119.492742272142 515.139786854015 1782.15599766126 657.3712801758227 1097.1025476226 2549.54505745633 3039.427906695601 1085.08617169329 684.5056610430626 1195.418336817702 2939.416438683025 2465.178492523411 1452.819672223638 511.4098160966408 376.0917441263501 2039.917890504419 1913.793353525923 2058.510626642476 533.8773267333986 1023.538958711392 3158.398644883195 715.5452466476177 1419.398816400803 594.4182029514237 3026.487072498411 1080.933855515683 796.8437738979957 993.9869214431345 836.301381082203
721.5019057493888 3328.101560950327 189.7076698502198 2702.986681432226 1386.178199222596 2926.72940327595 1850.237822551469 516.5675173682527 1232.828049648449 708.8307273249376 0.0 925.9897407639029 3511.472625551849 3021.266290812513 3184.385812052302 3157.623315090006 3661.70028811753 3295.041122656894 3700.184454861676 1311.860510877586 796.1570196889555 2633.385083879682 2634.369753850055 3160.775221365796 1241.068088381939 1454.389906455624 1369.841231676138 355.8103427389373 554.4159088626516 1307.45592659944 3789.930078510684 708.8758706571977 3138.549027815242 1559.140789024519 1481.305167749036 3617.25310145696 1759.793453789393 1242.011674663326 959.4383773854369 1041.635732874022 3809.426859778253 3237.882332636565 2393.579954795745 4043.771754191871 3559.63425087466 1186.844977240077 2004.300626153672 3681.913225484816 1059.835836344478 2704.046782139688 3870.406955347202 2130.095068300943 730.9883720005402 2133.645003274912 2732.264262475356 1602.428469542401 1726.463437203348 1892.936343356532 732.6097187452539 2129.15875406227 1475.847214314544 1436.229786628867 3674.352868193255 3076.016254833514 1757.960465994614 2207.764706665998 1325.516503103602 837.7977082804655 1305.925342429651 959.3414407811225 1122.501670377376 1693.855070541751 388.6592337768395 2067.313474052738 1355.437198840286 663.8531464111622 3059.694919432328 3514.479335548866 1782.768913796738 1337.955529903741 1901.654016902128 3295.255073586869 2773.846426895332 1874.641832457603 307.5272345663063 1042.247571357209 2336.198621692942 2520.565809495955 2439.615748432527 823.6601240803151 400.2811511925087 3716.923593511171 53.85164807134504 1670.430483438326 638.2538679867126 3580.713476389866 554.0983667184014 760.384771020567 542.2628513922008 1539.900321449411
262.8649843550867 2435.427067271775 739.4322146079382 1777.990438669455 1598.691027059325 2001.887609232846 984.16106405405 636.3874605929944 420.0309512405008 834.2002157755654 925.9897407639029 0.0 2619.393250353982 2108.784721113087 2259.382659046493 2281.939525929642 2805.802915388036 2462.377915755419 2898.514102087482 883.5298523536146 468.0181620407482 1926.552361084432 1939.983762818648 2340.71634334449 443.8975106936285 1363.743744256963 450.5640908905191 933.6434008763731 536.6563145999495 1025.000487804762 2876.452850300175 403.0682324371396 2212.773146980955 692.4081166479781 584.1318344346591 2779.631090630553 1124.107646090889 800.186228324382 1381.553111537881 1348.754240030407 2960.012162137176 2330.310923460644 1513.880444420893 3237.675863949324 2716.229187679125 421.3430906043197 1547.80683549337 2765.733898985945 833.0720256976584 1845.30214328169 2944.546994021322 1289.323078208096 1265.684399840655 1341.342610968577 1939.619808106733 1462.190138114739 816.4073738030543 1042.944389696785 550.276294237722 1210.026445991987 558.4639648177848 1459.822249453679 2767.254957534632 2157.605385606923 1291.128188833316 1290.091469625313 1673.52830869394 889.504356369321 1221.894430791793 1452.138078834103 196.5731416038315 1025.854765549198 1092.135980544547 1143.192897108795 1083.02954715003 671.6814721279723 2215.953519368129 2637.60649074118 1410.48147807761 925.1994379591894 1578.148598833456 2374.637024894542 1848.909137843177 1012.526049047628 1021.82679549912 807.4930340256813 1411.685871573418 1814.724496996721 1533.855273485735 316.0775221365797 895.6751643313552 2905.160236544622 974.9179452651387 746.0810947879594 305.0983448004922 2766.940910102708 783.7576155929842 187.2164522684905 662.6160275755485 1418.343399885937
2790.409468160542 183.96738841436 3337.276883927973 1160.543407201988 3344.339994677575 1054.763006556449 1662.510150344953 3239.915122345029 2279.858986867389 3064.234488416316 3511.472625551849 2619.393250353982 0.0 572.6587116249957 965.1678610480147 385.6591759572174 410.4789885000205 564.1630969852602 828.073064409174 2446.416563057077 2759.832241278444 1366.522959924201 1407.366334683333 683.3944688099253 2273.765599176837 2861.400006989586 2171.813297684679 3551.372269982408 3141.939050968367 2605.660952618356 431.335136523794 2981.150952233047 805.4526677589441 1952.331938989884 2212.778570033613 540.0148146115994 1971.55902777472 2466.001824816843 3489.732654516675 3357.25974568546 544.0964987941018 349.3565513912685 1118.937442397921 988.5312336997754 478.2175237274352 2330.856709452557 2185.840113091532 421.882685115187 2721.426831645488 843.9389788367403 881.7766157026393 1406.18810974919 3530.803874473914 1467.530238189319 1023.29077001603 2793.38164238258 1804.1430098526 1626.603823922715 3090.013754014697 1435.621468215072 2158.811015350811 3041.876394595941 265.2413994835648 601.6410890223506 2228.83041077602 1601.835509657593 3553.402031856232 3002.593046018724 2861.048234476308 3597.20002223952 2431.553001684314 1973.5361663775 3542.691632078638 1528.648095540632 2608.044861577347 3229.29233733956 606.934098564251 169.5670958647343 2384.52783586185 2451.326375658696 2465.059837001934 529.1445927154505 954.8570573651325 1639.424899164338 3503.085639832404 2718.970393365842 1294.347712170111 1415.55501482634 1090.240799089816 2694.380819409164 3509.735745038364 766.5487590492858 3553.626316876889 1899.722611330402 2877.226442253025 705.0283682235772 3371.60570055278 2805.345789737871 3258.404057203465 2819.330594307805
2301.459754156044 411.6916321714591 2840.912705452246 604.6924838295909 3023.751312525552 553.8312017212464 1202.930588188695 2713.713323105445 1805.049860807175 2638.354979906987 3021.266290812513 2108.784721113087 572.6587116249957 0.0 585.3110284284758 444.2127868488254 916.6684242407393 815.9865194964926 1249.611539639419 2070.034782316471 2303.77516264066 1282.811365712044 1329.572111620878 835.0149699256895 1803.733904987097 2551.80328395431 1658.229477484947 3031.964544647579 2617.497468957707 2250.587701023891 768.6663775657161 2452.053221282116 400.8241509689754 1475.450439696298 1662.704122807182 989.853524517643 1637.754865662136 2073.760111488308 3106.294255217944 2986.992634741505 1074.013500846242 231.9051530259731 691.104188961404 1492.769238696993 913.7056418781707 1863.823221231027 1964.197800630069 662.9245809290827 2325.612607464966 581.2925253261046 955.164907228066 1009.380503080974 3117.854711175618 1129.136395658204 920.7790180059492 2509.719705465134 1295.290700962529 1186.569003471775 2552.21570405011 901.4149987658293 1617.227565928803 2732.108709403782 662.0732587863672 121.2353083882744 1942.911475080633 1029.52659023456 3217.388381902315 2593.078672157866 2524.375764421771 3210.56412488522 1915.616871924029 1612.475426169342 3090.554966345042 983.2502224764559 2263.846284534354 2691.922175695278 652.4944444207936 669.7947446792936 2120.430380842531 2082.864613939178 2233.809750180171 318.0251562376788 388.8573003043662 1185.649189262996 3042.937560976236 2318.962267912093 733.4971029254308 1285.401882681055 584.9316199351853 2220.405818763768 2986.862735379716 1207.755356022071 3066.291897390071 1370.430589267475 2383.057280050146 1100.425826668931 2838.970411962759 2291.440813113007 2729.348823437561 2524.448652676461
2489.765450800537 881.8508944260361 2996.225959436304 481.4145822469444 3411.292570273034 257.7518186162806 1516.277349299923 2801.977337524342 2044.121327123221 2917.601754866486 3184.385812052302 2259.382659046493 965.1678610480147 585.3110284284758 0.0 1005.919479878981 1372.065596099545 1373.052438911202 1764.082197631392 2429.387782960966 2549.873134099028 1846.619072792221 1893.57466184991 1411.760957102866 2051.117987830052 2959.586626540943 1828.418442260961 3129.534789709167 2713.52353960676 2625.21389604733 875.0022857113003 2540.852219236688 185.6906028855526 1734.433913413826 1721.591124512438 1483.268350636526 2058.377030575302 2415.341797758653 3427.371150021544 3325.490039076948 1509.021537288319 668.6830340303244 1121.543579180051 1953.550869570588 1411.858703978553 2112.742293797329 2451.195626627952 752.3735774201537 2653.339970678465 1134.580979921662 711.2474956019178 1422.208142291416 3402.291727644765 1581.106574523046 1492.322016188195 2939.763595937605 1508.815760787247 1529.268125607802 2611.321887473852 1108.538677719456 1711.282559953207 3135.430592438621 879.9965909024876 469.1961210410845 2388.208114884463 991.0005045407394 3586.712840471063 2895.315526846772 2908.487579481817 3525.777219280878 2063.537981235141 2009.784068003327 3319.263924426619 1138.701014314117 2648.646635548049 2747.96979604944 1234.706442843804 1117.977638416798 2575.531789747507 2450.065305252087 2707.545198145361 436.1112243453498 471.1528414431988 1509.454537241847 3259.831283977746 2641.909347422807 877.7066708189018 1836.095041113068 936.8553783802492 2439.898563465293 3076.585119901609 1711.084451451769 3233.970469871362 1524.775721212795 2557.74060451798 1623.539343533134 2905.318226976177 2426.124481554893 2809.193834536877 2945.202200189318
2438.901802041238 236.103790736193 2987.286394037237 1028.580575356156 2958.749228981733 997.9949899673845 1308.326029703606 2910.897627880445 1924.902594938248 2689.067124487598 3157.623315090006 2281.939525929642 385.6591759572174 444.2127868488254 1005.919479878981 0.0 544.45018137567 372.0873553347386 814.8275891254542 2064.298670250989 2394.407024714052 1008.731877160626 1052.110735616741 411.1265012134343 1916.731853963929 2475.900846156808 1840.543398021356 3215.567446034992 2811.897579927121 2221.227138317916 788.7287239602726 2656.027108295395 821.1972966346151 1601.708150694127 1918.095409514344 575.7820768311567 1586.803705566634 2086.045541209492 3106.77469411607 2973.188524126918 706.3426930322137 362.1670885102621 768.3033255166868 1085.018433023145 499.8129650179155 1972.10598092496 1806.371501103801 740.3269547976759 2341.326333512695 464.1077461107496 1166.672619032435 1035.719073880558 3152.029980821883 1085.386567081056 652.1265214665019 2408.976546170593 1474.731500985857 1265.346197686625 2772.857731655196 1137.753927701416 1853.701702000621 2656.43991085814 627.0853211485659 543.0036832287605 1843.675676468071 1380.8403238608 3167.761512487959 2624.172631516456 2475.55609914217 3214.488606294942 2099.436352929043 1591.100876751691 3173.45001536183 1240.800548033406 2222.976608064062 2910.962040288399 260.4496112494699 356.9313659514949 2000.962268509829 2068.306070193674 2085.224448350824 621.486122129851 807.5301851943369 1283.218219945462 3136.583172817198 2339.560001367779 1040.477294322178 1046.533802607446 784.780224011793 2336.282731177886 3176.808776114798 779.6332471104603 3198.218410302836 1585.447886245398 2528.042127813538 663.4470589278394 3047.843171818392 2468.988861862281 2931.815137419138 2434.326600930943
2948.687843770514 510.9256305960781 3496.680997746291 1521.216618368338 3335.299836596404 1441.976421443846 1823.695424132001 3438.804588806988 2433.526658986912 3152.997938470623 3661.70028811753 2805.802915388036 410.4789885000205 916.6684242407393 1372.065596099545 544.45018137567 0.0 400.9800493790183 434.2188388359031 2504.278139504476 2883.749122236537 1267.975551814782 1300.184986838411 554.2030313883171 2422.737501257617 2852.898350800463 2370.54972527471 3737.945960016008 3339.372695582211 2640.981635680188 743.5005043710462 3186.875899686086 1206.385096061784 2117.834035046184 2460.910400644445 159.6652748721525 2012.099401123116 2537.05025571036 3532.472929832584 3390.26488640637 162.265215003093 724.9531019314284 1295.734540714262 584.2302628245134 143.8923208513922 2475.325433150154 2130.638401981904 784.3889341391807 2789.172816445765 961.3792175827393 1237.670796294394 1531.879890853065 3600.240686398619 1543.622363144561 990.13584926514 2765.86514494109 2007.746248906968 1772.520521742978 3307.500869236469 1681.502304488459 2394.477813637036 3029.5882558526 604.1936775571224 975.5331875441245 2220.629190117071 1915.902398349143 3553.948930415292 3077.037536332633 2874.717377412952 3641.34604233105 2627.788614025108 2035.902748168488 3650.771014457083 1785.130807532042 2634.209748672266 3444.809718983038 604.7346525543248 255.7850660222367 2353.774840548688 2502.288552505486 2406.709163983052 936.2846789305056 1304.849799785401 1796.614872475456 3620.02541427543 2790.533461544584 1581.768946464685 1344.977694982337 1328.711405836497 2838.048801553631 3701.453228125407 366.2922330598889 3700.06445889798 2124.322244858346 3040.066611112329 341.3444008622376 3578.627949368305 2993.000501169353 3461.187368519653 2800.043571089564
2589.153722744171 522.5514328752721 3134.846248223348 1389.512504441756 2934.328202502235 1369.479098051518 1478.800865566422 3098.446384883882 2075.763233126553 2766.105023313468 3295.041122656894 2462.377915755419 564.1630969852602 815.9865194964926 1373.052438911202 372.0873553347386 400.9800493790183 0.0 474.6503976612682 2111.847058856299 2509.582036913717 871.2777972610113 905.4943401258785 153.3753565603027 2062.763680114617 2451.992251211247 2039.374659056055 3388.985836500353 2998.710556222457 2244.018048055764 991.2466897800971 2852.328347157809 1189.575554557171 1770.154795491061 2165.0 322.6019218789622 1618.130093657491 2147.609135760044 3135.242574347318 2991.913935927971 524.3786799632495 712.1586901807771 979.6208450211745 789.0057034014393 272.1837614553814 2112.717917754284 1730.984979715307 984.6486683076355 2398.023352680286 630.4958366238433 1441.424989376832 1174.731033045437 3207.632148485858 1164.398986602101 592.0033783687387 2365.050739413427 1685.895607681567 1420.211251891774 2979.853184302878 1402.191499047117 2089.454713555668 2628.612561789965 827.0217651307612 914.2450437382748 1820.022252611215 1699.527287218419 3153.118139239315 2686.651633539414 2474.924039238376 3244.199747241221 2291.979493800065 1646.880991450202 3268.252132256629 1511.743695207623 2236.0040250411 3114.963402674259 253.4028413416077 419.3196871123511 1952.907831926535 2108.420498856905 2007.764926479193 969.8876223563223 1169.109062491605 1450.015861982206 3240.508139165831 2400.288316015391 1347.525138912072 944.9338601193207 1060.349470693507 2472.381847530838 3355.549582408223 458.7036080084829 3331.630831889992 1815.416756560322 2682.215502154888 324.5997535427284 3242.521395457553 2648.835404474955 3123.081971386598 2399.075863744205
3007.57876039847 882.3361037609194 3547.558033351957 1843.256357645349 3208.972577009657 1799.347103812936 1921.318557657735 3534.589226487287 2499.853195689699 3132.749910222647 3700.184454861676 2898.514102087482 828.073064409174 1249.611539639419 1764.082197631392 814.8275891254542 434.2188388359031 474.6503976612682 0.0 2466.256474902803 2906.669055809416 1132.552868523143 1151.502062525291 563.6922919465903 2484.331902141902 2736.133220440847 2487.429194972191 3815.963574249628 3434.941629780628 2575.307748600155 1176.241896890261 3294.117180672236 1588.690341130077 2207.266408932098 2629.912926315242 288.0850568842473 1973.817114121772 2512.065683854624 3457.122069004796 3306.846534086515 389.3995377501108 1097.561387804801 1444.679203145113 343.7397271192261 353.7357770992355 2530.549742644866 1985.999496475263 1218.236430254817 2754.119278462717 1095.753621942451 1671.7012292871 1610.605476210732 3552.152164533496 1570.429240685489 968.4012598091764 2631.278016477924 2141.865775439722 1856.924608054942 3426.233500507518 1873.987193125929 2551.213436778663 2905.248526374293 1038.285124616548 1331.919291849172 2122.192262732102 2173.213289118213 3434.269209016672 3042.94101158731 2780.639135162994 3565.932837281151 2735.281521160116 2019.616300191697 3643.400197617605 1984.14969193355 2559.060179050114 3559.384778300879 724.0897734397304 660.1090818948032 2227.005612925122 2457.018111451358 2249.43303967911 1334.655386232716 1622.23703570101 1891.457903311623 3622.671113971016 2759.504484504419 1821.923434176091 1232.748555058979 1534.509693680688 2883.337822732536 3785.716576818714 73.78346698278686 3733.872654496937 2276.782159100866 3102.190355216778 152.3220272974332 3681.774028915952 3083.382882484756 3561.065570864991 2673.229133463871
783.1711179557121 2273.839484220467 1203.247688549619 1990.508728943433 985.6429373764112 2195.887292189651 914.0689251910931 1354.537559464484 595.6148084122825 669.4811423781853 1311.860510877586 883.5298523536146 2446.416563057077 2070.034782316471 2429.387782960966 2064.298670250989 2504.278139504476 2111.847058856299 2466.256474902803 0.0 557.609182133867 1353.771398722842 1347.965133080229 1964.808896559663 567.609020365251 576.3401773258568 882.0255098351748 1532.485889005181 1272.094729177037 204.628932460686 2801.300412308541 1216.891531731567 2319.270574986886 754.8152091737421 1215.302842916119 2430.705658857114 494.6524032085562 85.09406559801923 1043.986589952189 917.7085594021667 2636.220969494022 2246.471010273669 1379.095718215382 2807.952278796775 2383.914847472535 535.9897387077481 711.8040460688602 2714.479876514099 287.9201278132531 1602.488377492954 3014.579240955527 1062.243380774858 1096.00821164807 979.0163430709418 1521.923125522442 625.479815821422 995.3542083097856 902.1230514735781 1371.749612720922 1339.400238912925 1123.010685612564 732.0724007910693 2658.362089708623 2159.780081397178 454.3709937925175 1652.046306857045 1157.887732036228 577.041592954962 487.7550614806575 1151.003909637148 890.0247187578557 473.240953426476 1184.119081849457 1346.582711904471 245.9349507491767 1457.02196277201 1905.026246538351 2406.995845447183 533.8248776518382 42.01190307520001 696.3232008198491 2382.806748353714 1960.451478614046 919.9391284210059 1173.254021940688 293.8196725884773 1570.513928623366 1244.35123658877 1513.939562862402 635.3030772788685 1526.846750659672 2493.664973487818 1333.270415182157 1074.037243302112 866.9728946166656 2363.104949002477 1508.850224508715 985.0507601134066 1393.77365450779 598.8998246785517
258.0949437706985 2578.468149890551 661.366010617419 2076.174607300648 1130.693592446689 2297.55195806319 1103.83785041101 800.7121829971117 506.9092620972712 389.3443206212208 796.1570196889555 468.0181620407482 2759.832241278444 2303.77516264066 2549.873134099028 2394.407024714052 2883.749122236537 2509.582036913717 2906.669055809416 557.609182133867 0.0 1838.636723227294 1840.811234211699 2372.266848396276 503.2414927249143 926.0539941061752 746.2338775477833 979.4166631214725 723.1051099252445 630.8922253443927 3067.286096861524 694.0958147114849 2475.31977732171 830.7647079648966 1000.556345239987 2832.178313595385 967.1571744034162 476.689626486669 938.7843202780924 889.2721743088558 3028.049702366195 2508.776594278574 1643.121724036293 3250.38889980876 2776.818683313695 441.9377784258775 1269.400252087575 2966.301569294666 398.0276372313862 1934.08608908704 3201.745773792791 1359.082411040626 861.9570754973823 1345.353856797534 1939.860304248736 1041.48019664322 1041.883870688092 1133.48048064358 843.3178522953252 1448.185416305523 943.6318137917988 1003.674249943676 2940.763336278525 2372.543361036843 1011.227471936952 1634.64277443116 1210.520549185349 424.3500913161207 776.5416923771704 1020.369540901726 589.2910995424927 898.0050111218757 786.9243928103893 1411.32455516086 688.8976701949282 912.9211356957402 2279.476474982797 2749.655432958828 1080.770558444298 592.4432462270121 1230.503149122342 2596.497641054195 2105.452445437797 1124.177921861126 743.3256352366707 372.2391704267567 1674.040023416406 1725.591492793123 1719.343188546138 152.6892268629323 970.8166665236027 2925.008888875383 827.6726406013431 1038.007707100482 322.9396228399359 2789.480417568835 953.4720761511581 486.3712573744464 840.7883205658842 990.6931916592544
1980.493372874547 1244.034163518028 2496.89807561302 1621.972256236216 2083.77278031939 1720.949156715561 1053.360811877867 2544.076453253715 1507.194081729357 2023.231573498199 2633.385083879682 1926.552361084432 1366.522959924201 1282.811365712044 1846.619072792221 1008.731877160626 1267.975551814782 871.2777972610113 1132.552868523143 1353.771398722842 1838.636723227294 0.0 46.95742752749558 719.3364998385665 1485.130633984768 1606.74733545757 1586.600138661282 2793.780592673662 2446.990805050154 1447.74652477566 1791.13511494806 2329.3406792481 1671.353044691635 1280.640855197116 1827.157902317148 1156.595434886374 874.6485008276181 1408.208081215273 2325.156553869008 2174.380371508168 1368.656275329931 1334.962546291094 857.4252153978211 1467.706033236901 1129.247979852078 1518.810718950851 866.2251439435362 1748.992853044288 1639.455092401131 712.1460524358749 2167.440195253378 775.6713221461781 2426.152715720921 628.8561043672869 366.0833238485468 1508.29837896883 1318.249217712645 972.4325169388362 2475.88368062799 1250.107195403658 1728.363966298765 1778.657077685297 1626.072569106311 1403.795212985142 989.7434010893935 1667.742186310582 2307.071086897844 1925.937174468575 1648.097691279252 2433.873661470537 1797.961345524425 941.5912064160327 2537.811064677589 1351.687093968127 1428.882430432959 2597.675884324293 760.5011505579726 1261.340556709408 1099.295228771598 1340.096265198885 1139.861833732492 1570.07165441581 1450.284454857046 1023.070378810764 2524.496385420268 1647.286556735045 1346.03008881674 113.4416149391395 1060.175457176783 1842.493147884138 2772.548647003331 1170.083757685748 2661.851423351799 1475.88786836941 2076.427942404937 1050.338040823048 2698.451407752232 2099.566145659622 2576.020186256311 1546.98739490663
