0.0 1699.546410075347 1845.722893611064 942.3274377837038 2709.406208009423 1440.001388888219 1315.028516801062 1751.112217991754 1226.928278262425 1379.023205025934 1953.647358148343 542.65274347413 744.452819190041 1288.504559557319 511.1653352879086 1371.312509969919 1957.147158493709 876.812408671319 1267.465186898638 956.0130752243925 2104.903085655014 1759.072767113402 2015.962549255318 658.5992711808904 2052.035087419316 1051.492748429584 462.1796187630952 2477.997780467125 844.6182569658318 1615.004953552775 1136.866307003598 806.9752164719806 1648.902665411151 2229.003589050498 1738.828628703818 1491.35944694765 1043.191736930465 2487.114392222441 2392.414052792702 379.0329800954001 1641.038695460896 1195.006694541918 2875.230251649422 1519.570004968511 1646.797194556755 576.6671483620339 1203.006650023183 1728.66017481748 861.9756377067741 2216.636415833684 1523.496307839307 1977.131760910233 32.31098884280702 1545.385712370863 1114.016606698482 2651.008864564583 1512.549172754394 2503.450618646192 1782.802568990745 1058.646777730892 948.05274114893 2002.191299551569 1472.761352018717 961.2080940150265 1023.516487409949 1443.41608692712 1040.0 1690.908927174968 1598.878669568144 2350.780721377474 2454.850300934866 2217.768698489543 1863.413266025548 1561.886679628199 1637.892548368177 2456.499134947945 1238.293180147577 1254.187386318328 740.7624450523933 1224.05432885963 1723.772896874759 1365.711902269289 2029.072694607071 1859.226989907365 215.8726476420762 2526.121533101683 2317.279655112865 2507.648500089277 1830.708059740821 2142.093368646661 2315.879530545576 1361.812028144854 924.8762079327157 2431.33564116516 2400.624085524429 2036.654364392741 1832.882156604728 2406.534853269322 1271.769240074629 1650.458421166677 2595.657912745823 2045.234460887064 1674.897011759231 1307.358405334972 1224.601159561757 1749.922283988635 769.041611357929 2047.852045436877 2361.776026637581 807.5951956271161 2388.911886194215 1768.559300673856 1954.933502705399 2013.193483001572 1150.396453402044 806.0434231479096 740.5572226371166 1918.112874676566 2649.769235235401 1181.077474173477 2426.662934978816 2098.834438444348 2415.316542401844 2298.000870321855 463.0615509843157 2170.08110447513 1529.628059366067 1750.404810322458 2763.947358398853 825.5616270152095 2546.506823081375 809.5875493113762 2325.172036645891 1540.12109913474 1410.591719811229 1848.665735064076 379.3257175568248 1839.905432352435 2471.104206625047 1285.196483032847 1282.786420258649 744.7664063315423 1071.825545506357 1932.902998083453 2206.232082080215 1404.295196887036 1055.142170515424 2490.529461781169 1412.80607303338 2096.789212105022
1699.546410075347 0.0 1118.213307021518 1352.735376930758 1157.355606544505 552.2408894676308 2851.398604194089 972.2756810699319 2573.679272947583 1824.221751871192 2632.052431088712 1580.825733596211 1022.095885912863 1561.118188991468 1234.602770124869 2436.577928160723 1266.940014365321 1973.032691062163 1871.16701552801 1195.764608942747 617.4504028664975 853.9935596946852 349.4810438349983 2191.603294394312 1348.816518285567 2499.334511424991 1244.434007892745 1145.965531767863 2041.423522936875 331.3080137877743 767.3232695546252 2332.326092123484 1803.439491638131 1449.670652251745 76.2954782408499 1685.682354419124 2233.03582595533 1090.557655513912 1052.905028955603 1477.538493576394 713.740849328382 1111.329384116159 1299.140100220142 2432.894777831545 1892.523447675087 1903.024172205913 782.0927055023592 2417.847803315999 1872.632371823151 628.0071655642155 2577.453200351075 2658.871941256291 1714.820690334707 499.3846213090667 1051.692445537192 1195.887118418791 1661.636843597301 1508.412741924438 988.7107767188542 1107.680910731967 2336.080906133176 585.8498101049449 2466.286276975972 1171.047821397572 708.4546562766033 2254.149950646585 893.6632475379079 208.6552180032889 1335.149804329087 679.2230855911774 1019.152589164155 777.5680034569324 1124.982222081754 1649.049423152623 715.3586513071607 772.8143373411236 503.7459677257973 2638.75121980076 1107.711605066951 476.1606871634826 1919.615846986058 2751.473968621182 630.1253843482264 2564.830793639222 1484.645748991994 922.6440266971873 2739.207367104579 1292.011222861473 667.2046162909846 1376.114094107026 616.3700187387443 1873.585332991268 1640.502971652292 733.8780552653145 717.8648897947301 2505.532478336691 2024.968394815089 1314.152198187105 1783.413861110202 1762.129677407426 1212.446287470088 389.0115679513914 2451.424483846076 494.659478833672 1885.25488992868 1117.795151179321 930.5767029106198 997.1018002190148 1335.061047293344 1177.021665051243 715.4928371409458 909.9274696370036 822.4335839446247 1138.666764246678 606.1699431677556 1286.976301258108 2335.342587287784 1071.463018493872 1156.055794501286 2290.902442270295 755.4634339264873 672.4879181070839 717.2754003867692 857.9522131214535 1901.654016902128 888.9600665946699 2585.513488651722 2556.410960702524 1064.95868464462 889.2075123389366 894.4299860805204 2269.035477906857 743.2691302617108 695.0719387228922 2535.098617411165 1861.226745993083 2046.202824746364 579.8292852210899 830.119268539166 992.5018891669678 1774.13443684519 2126.968029849062 1565.391963694716 2125.785501879247 1253.172773403572 2586.147907603121 668.2432191949275 1293.103630804585 518.0472951381948 2656.4316290844
1845.722893611064 1118.213307021518 0.0 975.9805325927357 2130.104457532541 1544.695762925502 2533.547118172465 2042.999021047245 2141.061886074291 1075.213467177565 1769.966383861569 1413.483993542198 1545.482772469496 863.4958019585272 1626.259819340071 1842.205471710471 2349.186242084693 1569.411673207511 1199.551999706557 1918.96013507316 806.1811210888035 1938.239407297251 1073.168206759779 2012.408010319975 2439.123818095342 2165.144336990031 1453.477554006253 2233.961951332206 1672.344761106393 792.8795621025932 1575.449777047812 2107.112716491455 886.2398095323861 2555.493690072429 1061.811659382209 849.4562966980703 1783.862102293784 2162.296233174354 2145.182975878748 1477.601096372089 414.3971524998694 1962.775585745859 2229.644366261131 1744.622022101062 992.4615861583762 1688.239911860871 1640.836981543261 1604.541367494151 1466.58276275156 1655.560328106469 1940.903913129138 1793.880988248663 1841.087993551639 1545.329091164727 1865.311234084007 2231.69375139153 809.3763030877541 2626.45502531454 130.1383878799795 790.2126296130681 1996.118483457332 1695.83283374276 1818.607434274918 1897.645910068578 1347.239028532057 1555.225064098441 1651.376698394403 910.6184711502398 415.3263776838645 1220.698570491503 2081.899373168646 1863.502347731282 17.72004514666935 763.4664367213531 1780.78213153659 1326.6427552284 960.1338448362291 2221.599648901665 1674.568601162699 1148.557355990549 982.9476079629067 2312.921096795133 1739.886490550461 1729.065065288175 1690.269209327319 1878.260099134302 1747.92047874038 2396.868790735112 483.3890772452352 2477.278547115766 1383.148943534282 1141.991681230647 1195.978678739717 1499.688634350478 1570.663872380084 1565.084662246742 1055.959279517918 2430.775390693266 1100.096359415847 837.2645937814401 2279.174631308448 1057.170279567109 1678.608054311667 1375.453743315274 1243.043442523229 2171.685290275734 1303.233670528812 2112.576862507019 2453.257630172584 1809.527286337512 1247.69747935948 1991.016072260593 1938.191425014568 2242.235714638405 954.706761262326 1061.802712371747 2178.084479537008 114.5425685062108 2173.40332198145 1768.68001628333 1261.802678710106 729.0438944261175 1481.372674245073 1935.479527145663 1763.186036696071 2001.288834726262 1948.357513394295 1776.721700210813 1657.253752447102 1382.446020646014 1278.402127657804 2005.0 1754.076965244114 1728.85684774651 1954.222095873445 851.0005875438629 2046.539762623732 1695.637048427522 1204.920329316424 561.1033772844359 1082.811156204072 1851.291441129678 1025.897168336086 1134.003968247025 2368.561799911499 2031.704702952671 1311.711096240327 2400.608256255068 1492.15615804781 1733.400126918191
942.3274377837038 1352.735376930758 975.9805325927357 0.0 2508.490582003449 1433.778574257546 1607.403185264979 1918.812393122371 1262.1283611424 579.6153897197693 1362.825373993308 444.6403040661069 994.9758791046143 383.5896244686501 933.6942754456621 1083.994926187388 2206.56701688392 654.1719957320093 560.1365904848567 1407.213558774929 1486.938465438298 1862.624492483657 1552.054122767631 1039.955768290171 2307.94562327625 1237.237244832211 689.2553953361555 2432.336325428702 743.3417787263138 1102.674929432967 1263.863916725214 1143.82253868334 757.5255771259476 2467.157473693157 1349.966666255134 592.7039733290136 905.402672847833 2399.902706361239 2337.452459409602 564.6848678687963 921.8313294741072 1563.025911493472 2651.867266663247 1090.0 787.9048165863692 714.5488086897914 1350.592462588178 1130.763016728085 547.727121840794 1977.894334892539 1225.170192259018 1389.945682391942 929.2152603137769 1500.946368129121 1454.001375515168 2528.000197784802 602.8863906243033 2653.605094960439 950.2683831423626 257.6237566685185 1065.809082340735 1869.676175170449 1115.717258090059 1394.862717259301 1011.792963011702 921.0955433612737 1260.392399215419 1230.650234632083 665.0248115672076 1842.549592276962 2339.623260270764 2087.98108228978 993.3076059308113 642.2343808922097 1699.676733970316 1958.812140048147 871.1125070850493 1335.618583278924 1105.959312090639 1008.26286255123 854.9081822043815 1441.400013875399 1909.836904031336 1281.580274504879 846.7183711246615 2275.300639476023 1597.200050087653 2534.545718664392 1135.044052008555 2377.625916749731 1900.164466565986 602.100489951636 290.3945591776816 2028.487120984503 2045.441028238165 1323.016250845015 974.0020533859258 2496.822981310449 497.0010060351991 746.5453770535319 2521.724211724986 1564.169108504576 1138.717260780744 1234.554575545367 557.6064920712455 1992.657772925396 766.156641947324 2125.183521487027 2484.275548323897 1250.019599846338 1879.246923637232 1898.573411801608 1975.441216538725 2177.646665554355 775.4256895409128 163.6367929287298 1205.338956476559 1070.077567281924 2497.218452598811 944.515219570336 1909.274207650645 1448.15365206873 2009.72261767638 2172.801187407628 787.5512681724282 2134.053654433271 1233.225445731639 1241.390349567774 2301.384800505991 896.3955600068532 1989.585383943097 1048.668203007987 2093.924544963357 1610.232281380547 1183.81164042258 938.185482727163 1080.839025942346 1771.306015345739 1909.063906735445 473.240953426476 496.0262089849688 893.7930409216666 240.9502023240487 1083.6074012298 2353.341666651912 1238.632310251917 1005.743506069018 2527.071427561952 1382.617806915563 1439.058720136187
2709.406208009423 1157.355606544505 2130.104457532541 2508.490582003449 0.0 1273.031814213612 3953.060839400274 1166.13892825855 3707.459642396664 2974.302103015092 3776.693262630684 2701.139389220778 1966.8472233501 2710.957395460135 2201.186043931771 3591.318420858835 1237.048503495316 3115.972079464128 3027.158733862498 1918.135813752509 1350.240348974952 1077.965212796777 1059.456936359378 3279.10917781034 1236.466740353334 3615.012171487117 2293.777670132831 448.6568844896955 3177.504996062162 1448.882672958718 1585.052995959441 3426.331128189452 2924.63501996403 1183.625363026663 1170.15426333454 2820.843313620946 3376.130477336443 351.1409973215888 460.8958667638494 2565.450447777154 1787.537412195896 1710.287987445389 170.0735135169495 3590.219074095618 3019.943873650634 3014.740619025126 1534.315808430585 3567.679918378329 3018.410177560366 530.6533708552128 3733.652501237897 3803.225999069737 2731.492266143179 1165.628156832186 1726.277208330111 218.929212303886 2793.161112431576 967.1426988816077 2014.260410175407 2265.02384093413 3457.907170529596 707.4941695872836 3623.19748288718 1898.46912010704 1694.656307337862 3410.985781266172 1700.555791498768 1309.959159668728 2435.88526002355 974.1047171634065 315.5693267730563 499.2674633901152 2130.508155346982 2773.33373397433 1127.163697073322 910.0428561337097 1644.447627624547 3768.384269153028 1996.553280030363 1551.507976131609 3038.202922781821 3882.94952323617 683.0592946443229 3712.943441529914 2497.13535876612 251.9206224190469 3848.808776751581 629.0031796422018 1649.014857422455 1179.648252658393 761.1622691647294 3025.929609227551 2794.613747908644 667.5874474553876 569.3030827248347 3631.297977307839 3135.414645625041 799.0719617155892 2938.038291105138 2880.27168857384 355.5080871091401 1073.056382488823 3605.389576730925 1406.840431605518 3042.244237401067 1285.040855381649 1980.120450881713 872.2774787875702 884.1379982785493 1992.121482239474 964.1669979832332 1104.702674931133 847.5783149656437 1047.195301746527 1745.236373675497 2433.881673376913 3408.840418676122 2046.742045300286 140.032139168121 3441.383733325884 973.2815625501183 1435.414922592071 682.4456022277526 428.5533805723623 2994.140945246232 625.8705936533526 3741.708700580525 3710.407659543625 766.0607025556134 1893.207331488023 1062.82124555355 3375.862852664486 414.566038165212 1212.401336191939 3688.219760263751 2952.750074083481 3082.286488955885 878.2084035125148 1089.536598742787 2139.810271963381 2928.164100592724 3242.220381158566 2722.734654717569 3229.249448401285 961.4333050191261 3736.501170881658 1669.240845414466 655.0763314301624 1296.936775637116 3788.404017525058
1440.001388888219 552.2408894676308 1544.695762925502 1433.778574257546 1273.031814213612 0.0 2712.112092078792 513.078941294612 2509.128334701117 1989.418256677062 2792.935731448184 1504.479976603212 695.6622743831953 1741.32133737573 929.7537308341387 2464.230914504564 819.7029949926986 1951.18528079729 1993.047917135963 704.1597830038294 1169.280548029428 433.8490520907013 880.0346584084061 2034.454472334046 916.1768388253438 2391.404817257003 1046.870574617512 1054.982938250662 1994.225664261695 783.9929846624905 314.2308068920041 2184.599047880411 2054.354399805447 1057.041626427266 628.0740402213739 1910.179310954864 2205.058049122517 1052.487529617335 964.7512632798156 1336.246234793573 1132.757696950235 572.1546993602342 1440.789019947057 2509.591401005351 2125.941908895913 1797.05230864324 279.7087771236362 2563.081348689503 1865.328389319157 810.0598743302868 2616.896062131624 2820.129429653894 1463.283977907228 109.0183470797462 531.741478540089 1212.43721486929 1896.829196316843 1220.015163840188 1416.720508780754 1243.603232546458 2244.418855739721 566.2949761387611 2519.290773213763 680.6944982883291 455.4843575799283 2350.384223908934 437.3785545725808 719.9784719003757 1650.710453107994 1178.613592319383 1015.827741302629 778.1220983881643 1555.516955870298 1901.578817719634 267.8656379605268 1249.857591887972 632.2230619014147 2561.923105793771 725.275809606249 446.4314057052886 2170.365176646548 2678.044249074313 590.3388857258177 2713.896276573591 1230.465359122312 1107.907035811218 2979.827679581489 1121.215857897131 1159.74135047432 970.7564061081441 1041.150325361328 2024.341868361172 1689.066014103653 1125.375048594912 1056.003787871994 2721.096286425749 2286.273168280641 1065.890238251575 1922.406044518171 2021.145467303133 1165.567672853018 922.5985042259715 2572.118970809865 201.1616265593416 1991.101202852331 628.9864863413204 751.4712236672806 692.3539557191827 1050.555091368368 738.2208341682048 1210.421414219031 476.4472688556416 552.4789588753584 753.1161928945626 695.8448102845921 1313.594305712384 2154.242558302105 1526.078962570417 1209.770639418894 2294.034873318189 1250.40193537918 1221.095409867714 1114.261190206318 858.0 1757.81967220759 744.4729679444379 2624.738082171248 2674.233535052614 1476.198157430092 643.1329567049103 1399.365927840177 2146.070828281303 908.0071585620898 189.9078724013304 2548.543309422071 2159.10189662276 1816.023127606034 400.0499968753905 1345.621046208776 1233.444769740421 1918.208799896403 2024.005187740387 1672.849664494691 2394.839869385843 921.35552312883 2582.432380528094 444.4963441919405 1110.038287627954 55.0 2853.719853104015
1315.028516801062 2851.398604194089 2533.547118172465 1607.403185264979 3953.060839400274 2712.112092078792 0.0 3062.665832244843 438.6217048893043 1545.724749106386 1495.003010030415 1272.774921185989 2031.813475691113 1684.491614701599 1809.04671028694 860.4661527335053 3271.882791299224 966.0331257260281 1390.717800274376 2269.014103085302 3088.99870508228 3063.377384521861 3111.926252339538 677.6938836967618 3366.237662435616 370.7411495909242 1665.980191959076 3765.362797925321 867.1654974686205 2666.01069015111 2426.450287972123 527.7736257146619 1856.475154695047 3543.325133261129 2869.938849522756 1779.283282673111 759.6848030597953 3764.112910102458 3676.350500156371 1387.631795542319 2528.959469821531 2509.459105066269 4112.578874623561 1073.525500395775 1780.617027886682 948.7829045677414 2499.824993874571 1387.346387893089 1071.190926025795 3436.013533151463 893.0358335475682 1503.279747751562 1285.594026121777 2811.252567806742 2428.916836781367 3920.114794237536 1820.435387482896 3817.869170099992 2535.394446629557 1857.37368345737 542.1217575416061 3255.857797877542 964.5776277729025 2275.225043814348 2265.305718882112 1182.898981316663 2342.338148090493 2778.369485867565 2142.70599943156 3423.865943637396 3723.349298682572 3477.390113288988 2549.389142520223 1882.139739764293 2932.593391522254 3538.614418102091 2348.758395408093 359.7693705695359 2049.179591934294 2406.653485651809 1849.288782207906 340.6479120734487 3287.747557219076 1422.103020178215 1500.476257726193 3746.785555646333 1951.050230004343 3809.717706077447 2742.12326491717 3456.749918637448 3448.472415432665 1482.713728269891 1344.36304620441 3573.748312346576 3568.987531499655 1745.299114765145 1896.345169002732 3716.24460981782 1477.735091279895 1891.191423415409 3877.661666520172 3130.843336866283 1273.836724231171 2552.091299307296 1335.911673726972 3064.930668057599 1974.204903245861 3352.569462367633 3674.121663744956 2122.623376861755 3461.56034181119 3076.490533058732 3248.380673504877 3326.492447007809 2246.855580583674 1603.269783910369 575.0139128751582 2640.005492418529 3909.557647611811 820.3145738069024 3494.293777002729 3053.915846908686 3555.825923748237 3560.681395463514 958.9546391774743 3455.004486248896 891.6871648734212 1267.108914024363 3874.168943141226 2070.293698971235 3585.521022111012 582.494635168428 3550.088027077638 2833.811743923721 778.5788335165554 2047.730695184306 946.8452883127211 3108.832578316175 3505.293140380702 2080.390828666576 1496.592462896964 728.9643338325957 1507.902516743042 1941.086808980989 3519.477233908468 692.8701176988368 2287.055967832882 3793.961649779818 2676.895403261024 1690.007396433519
1751.112217991754 972.2756810699319 2042.999021047245 1918.812393122371 1166.13892825855 513.078941294612 3062.665832244843 0.0 2909.729368858898 2485.575386102783 3281.636786727014 1928.991964731839 1044.766002509653 2242.911054857058 1255.632111726998 2910.440516485434 307.6572768520192 2385.940904548979 2478.679083705674 829.0723731979012 1566.428102403682 127.7693233918064 1229.967885759624 2391.339582744366 403.10048375064 2769.382061038166 1436.373210554973 797.6020310906938 2415.869615687072 1261.405961615847 671.7000818817875 2542.851352320855 2563.833457929746 549.651707902377 1045.665816597253 2417.226716714839 2630.904977379457 847.3134012866785 734.0878693998424 1735.817962806008 1628.757194918874 591.3383126434478 1331.988363312533 2974.395568850922 2633.037979217163 2194.068595099068 586.9045919057032 3049.189400480069 2308.705264861671 888.6827330380623 3065.884048688078 3308.758075169595 1779.283563685114 497.6796158172444 645.7778255716125 1024.243135197888 2405.269423578157 762.2709492037592 1913.639725758221 1744.800561668869 2635.705977532396 609.5408107747995 2975.045545869844 815.5519603311612 908.8652265325151 2823.830023213154 727.2482382240606 1171.216888539437 2163.664715245872 1457.573325771297 854.058546002556 707.6750666796167 2052.815870944104 2411.798499045889 262.6061690059851 1495.016387870046 1145.2056583863 2954.569342560773 1013.570421825736 957.4868145306232 2679.40011942972 3070.423586412793 595.4242185198717 3199.917655190521 1563.017914164774 1098.566338461178 3484.854803288079 773.6310490149681 1629.346494764082 461.2352978686692 1260.40628370379 2516.888952655639 2158.09035955402 1299.518757078943 1194.719213874122 3222.630137015416 2796.062409890023 656.210332134446 2413.32654234772 2531.530959715879 926.7027570909671 1272.10769984306 3050.984431294267 709.4617678212124 2472.277088030385 155.5442059351617 1185.685034062588 320.7553584899245 611.5848264958836 950.5892909137995 1480.800459211166 74.24284477308234 326.9143618747883 268.1678578800972 1205.723848980354 1786.689676468748 2490.361620327458 2015.60834489243 1056.90349606764 2732.47616641024 1517.071191473887 1632.355353469336 1295.371761310243 752.1927944350438 2134.000937206917 540.2684517904039 3073.532169995948 3151.276725392424 1625.737063611456 1059.419652451284 1667.580582760545 2521.366692887014 935.7334022038542 323.2104577516018 2987.305307463568 2671.733706790405 2128.579338432091 458.0502155877672 1633.054193834363 1745.816714320263 2410.395195813334 2414.985921284014 2159.63793261741 2905.110669148423 459.0272323076268 3012.805503181379 913.0700958853049 752.9309397282065 568.0712983420303 3350.930766220036
1226.928278262425 2573.679272947583 2141.061886074291 1262.1283611424 3707.459642396664 2509.128334701117 438.6217048893043 2909.729368858898 0.0 1120.165166392885 1089.690322981718 1009.358707298847 1864.983914139744 1280.603373414267 1663.883709878788 426.8219769412067 3147.310280223417 608.8949006191463 968.5354923801192 2165.589527126505 2747.269553574967 2893.000172830966 2805.585856822065 585.9180830116101 3245.735817961776 220.5175729958953 1475.066439181639 3561.63614087683 532.3016062346609 2355.542400382553 2248.003558716045 465.0268809434568 1424.994385953853 3420.744071104999 2582.949089703473 1357.000368459788 360.8794812676387 3548.938010165858 3469.571155056486 1177.10874603836 2177.18189410072 2395.282446810814 3860.844467211804 644.8968909833571 1345.960623495353 716.0698289971447 2328.193290944719 959.6942221353632 714.6586597810174 3180.990097438218 487.1652696980769 1101.355982414405 1194.723817457407 2600.630692735899 2303.100518865818 3695.638104576799 1398.82522139115 3671.937363300196 2154.41732261881 1519.184649738142 279.6587205863604 3026.979517604967 538.0455371062936 2167.112825858404 2053.882421172157 744.5246805848682 2182.624337809876 2477.105569005891 1739.497053748583 3103.483365510439 3500.442400611671 3249.904152432807 2156.186448338826 1459.804438957493 2749.253171317622 3219.558510106626 2071.266520754874 82.66196223173026 1908.698509456116 2157.293211411004 1413.258645825314 179.4268653240088 3062.292115393304 1009.669252775383 1368.84915165989 3488.208279331955 1543.901551265494 3626.846839887232 2389.622773577453 3331.703017977443 3150.18681985688 1055.39423913531 979.7780360877662 3277.65037793844 3284.683394179719 1322.29648717676 1458.091903824996 3551.0 1060.287696806862 1461.4191732696 3666.617105725658 2820.334200055022 849.1507522224779 2332.447855794423 916.013646186562 2933.489560233682 1757.745146487397 3179.304483688217 3517.955798471607 2006.655177154261 3140.408412929758 2913.464089361666 3058.508133060954 3177.589809903097 1968.953275220111 1291.020139269717 597.0008375203505 2250.675009858154 3676.99061733913 388.0322151574532 3170.898926172198 2705.051755512267 3259.182259401889 3334.635962140395 783.5260046737441 3251.960178107967 487.8780585351221 855.6412799766033 3560.872365025177 1869.755331587532 3251.37663152087 421.375129783427 3296.796020381 2650.924367084056 359.3466293149276 1612.761606685873 923.8187051581062 2894.984801341796 3170.847363087665 1726.483420134697 1078.970805907185 496.2841927766791 1125.200870955937 1502.547503408794 3368.548203603445 286.1223514512629 2068.686539812158 3613.751790037606 2468.004862231839 1282.339268680485
1379.023205025934 1824.221751871192 1075.213467177565 579.6153897197693 2974.302103015092 1989.418256677062 1545.724749106386 2485.575386102783 1120.165166392885 0.0 811.3722943261004 838.1199198205469 1572.194962464897 263.3723599772763 1491.517683435232 774.0290692215635 2778.111588831521 663.1327167317263 157.8892016573648 1981.636697278288 1796.70921409114 2422.246890802009 1952.846640164045 1190.012604975258 2879.161162561068 1199.310635323476 1241.613869123569 2948.475199149554 767.0704009411392 1527.039619656281 1839.31563359854 1228.338715501551 321.846236578898 3035.11185955312 1804.662849398746 239.0397456491284 790.675660432266 2905.530760463568 2853.528692689106 1040.861662277942 1233.356801578521 2142.410791608369 3105.019484640958 671.2570297583483 278.8691449407768 925.4285493759094 1925.692083381972 593.7078406084933 597.0535989339651 2449.905304292392 865.7944328765345 838.4658609627467 1356.740579477153 2047.28356609435 2033.446827433656 3019.529267948897 281.4427117549857 3207.374315542232 1120.615902082422 747.5667194304466 1048.147413296431 2380.089284039571 743.4978143881797 1970.246685062558 1584.117735523468 481.0873101631345 1839.663284408318 1665.252533401466 659.893930870712 2195.577600541598 2838.778786732069 2590.907370015378 1087.909003547631 340.9178786746157 2257.144434899991 2310.446060828947 1388.573728687101 1202.820435476551 1679.547558123913 1550.170313223679 358.1759344232943 1278.861994118208 2422.308196741282 740.860310719909 1346.626154506142 2730.404548780272 1017.916499522431 3066.136330954643 1427.589927114926 2946.143411309096 2300.639258988684 67.62396025078685 454.9648338058668 2428.008649078499 2466.86298768294 743.5872511010392 457.1848641414105 3042.231582243534 107.5174404457249 349.502503567571 3028.013375135586 1954.651119765366 636.227160690268 1788.364895651891 215.3531982581173 2565.750767319383 1345.752577556514 2675.081494085741 3035.695801624398 1821.791700497068 2228.861817161396 2461.081266435548 2518.339532310923 2740.022080203004 1304.198221130515 734.8040555141214 1341.503633986878 1189.468788997845 2980.102347235746 732.6069887736535 2252.094580607129 1736.523250636167 2408.903692553939 2674.184174659629 1048.359194169632 2660.350540812244 873.2153228156271 740.5997569537814 2654.808844342658 1475.867541481958 2301.343086112977 1113.504827111225 2563.569776698111 2171.324480587828 886.1354298300007 528.5470650755711 1376.753064278413 2301.793431218362 2222.734577046931 834.5040443281267 96.60227740586657 982.4642487134074 347.3110997362451 554.0730998704051 2910.674320496884 968.0020661134976 1574.639641314799 3060.952139449423 1936.481861521042 865.3554183108811
1953.647358148343 2632.052431088712 1769.966383861569 1362.825373993308 3776.693262630684 2792.935731448184 1495.003010030415 3281.636786727014 1089.690322981718 811.3722943261004 0.0 1472.918870814004 2321.98621873602 1072.385191990266 2201.295981916107 684.0847900662607 3568.28207965682 1078.488757475014 803.334301520855 2715.355041242305 2550.651877461917 3223.923851458033 2741.046697887506 1504.900328925474 3669.766477584098 1283.585992444604 1954.798199303447 3759.760231716911 1129.003985821131 2327.815499561767 2623.780669187118 1456.696605336884 884.9598860965394 3829.872713289568 2609.490563309245 960.0130207450313 980.3004641435197 3716.086113103408 3664.828645380299 1696.991455488212 2009.503918881474 2898.957226314317 3903.060978257962 471.3141203061924 779.9391001866749 1389.035996653794 2710.687920067524 235.9830502387831 1096.125905176955 3255.489671309064 604.7520152922187 27.20294101747089 1924.6116491386 2854.516596553609 2791.669213929186 3827.927115293602 991.5830777095784 4012.663579220167 1847.108280529325 1556.540073367853 1218.570473957087 3191.29440822999 562.9102948072632 2707.333189690549 2374.154165171251 510.5800622821067 2610.477734055588 2466.79893789502 1378.740367146766 2960.40605322986 3648.61233895847 3401.422055552648 1778.343330181211 1021.970645370991 3059.976797297653 3072.621356431671 2199.386278033033 1152.175333879354 2415.873548015293 2357.725386893054 788.2417141968573 1155.140251224932 3233.582842606634 94.64142856064674 1991.525294843126 3530.491750450637 456.1326561429252 3877.034046794018 2187.69330574466 3740.268706924678 3084.472726415327 769.9103843954828 1144.29454250206 3210.099219650383 3257.129103980989 297.4777302589221 734.8040555141214 3850.56047868359 870.6003675625229 933.6385810365807 3838.560407236025 2739.13307453289 281.5705950556627 2592.448263707494 814.4114439274537 3353.587034803182 2116.235572898254 3481.705329289083 3841.938052597933 2550.513673752799 2991.482909862599 3260.79560843669 3327.010219401197 3539.932485231886 2113.547255208646 1500.402612634356 1599.113817087452 1881.662297012936 3786.811983714005 835.1490884866007 3011.000664231079 2482.196607845559 3191.053744454957 3484.457203066211 1517.230371433422 3471.531362381737 605.1941837129633 235.7477465427825 3412.672999277839 2247.25832960966 3043.120930886579 1357.189006734139 3368.2352946313 2971.889129829712 730.441647224472 951.3175074600488 1804.667836472962 3112.465582139022 2967.304837727327 1639.756079421571 875.3587835853365 1303.768767841905 1122.030302621101 695.6320866665079 3713.979267578105 807.7010585606533 2368.56686627167 3871.596182454983 2740.761390562849 195.1640335717624
542.65274347413 1580.825733596211 1413.483993542198 444.6403040661069 2701.139389220778 1504.479976603212 1272.774921185989 1928.991964731839 1009.358707298847 838.1199198205469 1472.918870814004 0.0 896.8801480688487 752.9276193632427 738.4483732800825 987.486708771313 2186.609475878123 458.4233850928637 734.9911564093816 1259.366904440481 1839.905704105512 1900.927405241978 1840.427396014306 636.9654621720082 2287.302341187102 918.6560836352198 504.7316118493075 2554.080069222576 490.0653017711007 1397.027200880498 1258.613920151847 764.1969641394816 1107.418620034899 2458.197103570013 1597.530907369244 951.7588980408851 703.0768094596777 2539.866531926432 2461.583433483415 224.2008028531566 1303.315771407681 1463.722992919084 2856.490329057671 1082.748816669868 1104.19246510742 324.7229588433808 1342.259661913447 1239.649143911292 393.2861553627333 2177.036747507952 1144.414697563781 1498.175557136079 522.2451531608504 1593.463209490574 1361.471630258964 2686.314948028246 974.9220481659033 2689.226840562172 1376.539501794264 639.6131643423234 757.4509885134484 2017.67440386203 1063.88439221562 1254.344848915162 1049.137741195121 967.6455962799604 1209.829740087422 1506.368148893225 1107.512979607914 2156.519881661191 2491.083699918572 2240.60036597337 1431.019566602777 1026.638203068637 1751.320644542284 2270.370013896413 1077.308683711405 1067.701269082321 969.1465317484245 1149.720400793167 1181.120230967195 1182.79203582033 2052.933510857086 1380.608923627542 523.2790842370828 2486.038213704689 1802.75927400194 2625.048761451871 1512.429833083175 2368.098815505806 2175.722868381908 824.6235504762158 383.1918579510791 2300.983485381849 2297.60658077052 1520.572589520145 1290.530511068994 2557.461632165769 731.3173045949344 1110.618296265643 2657.868318784811 1860.417157521398 1204.793758283965 1324.1789909223 697.2001147446836 1969.951268432801 754.0537116147628 2183.623135982947 2529.752952365112 1093.457818116456 2194.470323335451 1925.729472174116 2056.054717170728 2196.856845586439 975.091790551023 361.809342057388 796.9121657999707 1502.414390239923 2668.225065469553 805.0291920172833 2228.233605347518 1813.776722752831 2283.052780817824 2325.30428116408 358.4215395313178 2245.01670372405 1151.802934533508 1292.89172013746 2603.358023783897 872.8115489611718 2326.010533080192 690.6113233939913 2292.374533098813 1653.984582757651 1059.224716478991 1309.079447550835 636.2955288228891 1886.606477249562 2246.406018510456 878.9277558479992 741.6205229091223 546.1584019311614 531.9191667913462 1391.333892349353 2384.732270088196 1084.114846314725 1061.640711352009 2613.019135023699 1461.725350399315 1597.373156153564
744.452819190041 1022.095885912863 1545.482772469496 994.9758791046143 1966.8472233501 695.6622743831953 2031.813475691113 1044.766002509653 1864.983914139744 1572.194962464897 2321.98621873602 896.8801480688487 0.0 1369.169821461166 234.3416309578816 1884.329058312268 1291.032532510316 1355.127300293223 1527.927354294045 415.6164096856619 1532.809511974662 1033.667741588176 1363.740811151445 1355.546015449125 1391.34539205763 1727.142437669806 394.6238715536606 1737.630858381607 1376.971314152913 1036.394230010955 395.3795644693843 1506.9323143393 1734.054785755052 1563.459305514538 1075.892652637799 1571.478603099641 1592.807898021604 1743.689192488157 1650.661988415557 693.5416353759881 1211.000412881845 577.041592954962 2133.547515289969 1969.299621692951 1777.195824888186 1149.51511516813 468.3599043470737 2086.042185575354 1286.424502254213 1483.287227747883 2041.179315983777 2348.495688733535 768.1575359260625 801.6164918463193 470.468915019898 1906.723367455279 1572.987285390445 1806.953513513837 1442.276325812776 916.1009769670591 1591.138586044597 1259.353802551134 1958.088864173432 401.3838561775996 313.6431092818715 1835.511917694897 317.6948221170751 1069.720056837302 1466.99863667285 1699.046791586388 1710.468941547902 1473.674319515679 1561.347174718038 1599.261079373846 900.9916758771969 1794.888854497682 662.872536767062 1910.084814870795 129.5414991421668 561.7089993938142 1839.506727359267 2026.029861576576 1285.330307741944 2234.069157389717 536.9627547605141 1790.128487008684 2589.834936825125 1778.091392476776 1348.146134512131 1473.584066146211 1626.707103322537 1587.809182490138 1177.713887155959 1733.465027048426 1689.014505562341 2312.939471754503 1959.666553268693 1690.189338506192 1482.231088595837 1714.458806737566 1853.498853520012 1399.146168204023 2070.17728709403 575.7013114454404 1509.342240845329 1074.83673178767 253.5843055080499 1322.40538413907 1654.004836752299 271.977940281928 1735.961405100931 1050.550331968916 1217.368062666341 1312.610376311265 617.88186573163 837.4270117449042 1466.466842448202 1578.182815772622 1905.410454469063 1701.388256689225 1775.597082673882 1549.980645040447 1718.903138632308 1553.636379594659 1090.808874184657 1428.423606637751 2048.595616513908 2165.242018805288 2077.303299954053 167.0748335327616 1909.745794601994 1479.330253864904 1588.943359594671 802.312283341094 1954.85677224701 1891.038074709232 1121.446387483593 1095.471587947401 1840.641735917123 1041.777327455344 1484.071763763464 1370.306899931544 1225.986949359576 2070.455988423806 1503.673501794854 1975.268336201439 354.4587423100184 1762.67779245102 669.9917909944868 2419.157084606124
1288.504559557319 1561.118188991468 863.4958019585272 383.5896244686501 2710.957395460135 1741.32133737573 1684.491614701599 2242.911054857058 1280.603373414267 263.3723599772763 1072.385191990266 752.9276193632427 1369.169821461166 0.0 1317.194746421348 985.0857830666322 2539.2386654271 736.0461942025106 345.0797009387831 1783.777172182669 1547.112471671016 2175.032183669934 1692.064124080408 1232.974046766598 2639.776505691344 1321.407204460457 1072.63134393882 2687.833514189449 843.0990451898282 1264.003560121569 1608.079910949702 1300.758624803234 374.3420895384327 2792.467904918515 1541.290692893459 209.7736875778276 927.2869027436977 2643.703841204608 2592.95294982381 921.9078045010791 978.4579704821255 1928.673378257708 2842.001583391536 914.2805915035055 408.0306361046925 929.8908538102738 1693.545688784333 857.0332548973814 642.9074583484003 2186.571974575728 1095.538680284727 1099.368000261969 1270.983870865402 1795.111417154935 1819.452939759641 2756.636356141303 224.9022009674427 2956.061061615609 890.7058998345077 498.2057807773812 1157.106736649649 2119.238070628215 974.3438817994395 1770.413793439263 1350.031851476105 725.0006896548445 1618.598158901708 1402.080240214518 459.2003919858954 1941.002318391196 2576.436686588669 2329.041433723325 878.0279038846089 273.7918917718346 2009.166991566405 2056.429916141078 1131.71816279496 1361.899408913889 1484.023247796341 1298.568827594441 472.1281605665987 1450.620901545266 2161.670650214782 1003.719582353558 1217.729444499064 2467.22070354478 1243.540509995553 2808.085646841991 1177.828510437746 2704.102069079494 2040.576879218227 317.2380809423736 404.1088962148693 2168.254828197092 2205.244657628718 979.992346908893 591.7981074657133 2787.924317480659 245.3263133053607 366.5637734419483 2766.17931450584 1694.812083978634 897.394004883028 1540.190247988864 382.5232019106815 2329.04787413226 1130.773628981504 2422.873087885538 2783.592283363352 1629.064148522089 1974.892402132329 2215.491367620285 2263.946333286193 2493.821164398121 1050.561754491377 547.2202481633881 1394.82651250971 975.2010049215495 2716.888845720413 905.2491369783238 1999.231102199043 1490.313389861341 2149.152856359919 2412.120229175984 1036.363835725659 2401.641105577601 1103.308660348499 1002.15018834504 2401.41229279772 1258.197122870657 2053.914555184806 1190.504094911059 2300.20368663299 1925.586923511894 1096.345292323545 562.5842159179371 1358.300408598923 2044.485265292954 1974.643258920456 571.1969887875811 230.5319934412575 1043.789729782776 225.2687284112023 702.0954351083619 2661.393619891654 1171.092225232496 1337.175007244751 2803.42023250172 1687.733687523005 1114.350483465593
511.1653352879086 1234.602770124869 1626.259819340071 933.6942754456621 2201.186043931771 929.7537308341387 1809.04671028694 1255.632111726998 1663.883709878788 1491.517683435232 2201.295981916107 738.4483732800825 234.3416309578816 1317.194746421348 0.0 1717.501673943871 1483.50160094285 1188.28026997001 1426.010518895285 521.3108477674333 1710.407261443894 1254.623848011825 1569.001274696742 1135.820848549629 1581.855239900289 1515.106926919681 250.3197954617253 1967.693319600389 1197.007101064985 1210.781978722842 625.8282511999598 1287.363585006194 1690.517672193935 1756.938530512664 1283.288354190125 1525.735560311812 1412.360081565604 1975.969635394228 1881.64103909327 518.6636675148935 1331.820558483762 735.6119901143537 2367.839732752198 1821.18560284228 1720.417681843569 954.1325903667687 693.7038272923106 1965.990844332699 1131.450396614894 1715.834782256147 1874.671437879182 2227.164116090235 535.7630073082687 1035.925190349187 639.8413865951467 2139.946261007505 1533.513938638968 2015.099253138664 1535.293131620148 917.3859602152194 1386.645592788583 1493.69340896986 1799.80554505202 517.3480453234554 532.3532661682466 1701.934193792463 533.496016854859 1261.10943220642 1487.887428537522 1905.63060428825 1943.877568161123 1707.85011051907 1643.059645904555 1567.801007781281 1128.518497854599 2005.14388511149 827.1130515231881 1704.372025116582 244.9020212248155 762.4440963113295 1788.487908821304 1819.637601282189 1519.616398963896 2110.577409146606 308.7539473431878 2023.415923630137 2500.311380608423 2002.086161982046 1491.029845442404 1668.031774277697 1845.744294315981 1497.654833397869 1065.458586712783 1955.565647069921 1915.40126344325 2219.632627260647 1907.303069782042 1907.48630401374 1393.879837001741 1677.177688857087 2084.785360654665 1602.401323014931 1938.888857051894 806.6349856037735 1399.832132793072 1270.263752139688 346.4462440264002 1543.836778937463 1867.126133928825 355.584026637868 1943.092895360384 1267.534614911956 1445.52308871218 1521.49991784423 760.848210880462 770.0805152709682 1239.855233484942 1673.478114586504 2139.378648112578 1530.263376023879 1982.223246761071 1719.387100102824 1940.507150205842 1787.613492900521 882.1813872441427 1659.308892280156 1881.795950681157 2029.345953749631 2296.380848204409 345.9277381188158 2111.980350287379 1267.174021198352 1822.230775725182 1030.344117273448 1780.124995611263 1864.028165023265 889.3964245486936 1329.349464963972 2040.482786009233 1087.371141791063 1398.531015029699 1167.599674546032 1145.425685062108 2016.454313888614 1714.015752553051 1793.334603469191 569.2319386682374 1985.780702897478 904.3058111059555 2313.076955053593
