0.0 1699.546410075347 1845.722893611064 942.3274377837038 2709.406208009423 1440.001388888219 1315.028516801062 1751.112217991754 1226.928278262425 1379.023205025934 1953.647358148343 542.65274347413 744.452819190041 1288.504559557319 511.1653352879086 1371.312509969919 1957.147158493709 876.812408671319 1267.465186898638 956.0130752243925 2104.903085655014 1759.072767113402 2015.962549255318 658.5992711808904 2052.035087419316 1051.492748429584 462.1796187630952 2477.997780467125 844.6182569658318 1615.004953552775 1136.866307003598 806.9752164719806 1648.902665411151 2229.003589050498 1738.828628703818 1491.35944694765 1043.191736930465 2487.114392222441 2392.414052792702 379.0329800954001 1641.038695460896 1195.006694541918 2875.230251649422 1519.570004968511 1646.797194556755 576.6671483620339 1203.006650023183 1728.66017481748 861.9756377067741 2216.636415833684 1523.496307839307 1977.131760910233 32.31098884280702 1545.385712370863 1114.016606698482 2651.008864564583 1512.549172754394 2503.450618646192 1782.802568990745 1058.646777730892 948.05274114893 2002.191299551569 1472.761352018717 961.2080940150265 1023.516487409949 1443.41608692712 1040.0 1690.908927174968 1598.878669568144 2350.780721377474 2454.850300934866 2217.768698489543 1863.413266025548 1561.886679628199 1637.892548368177 2456.499134947945 1238.293180147577 1254.187386318328 740.7624450523933 1224.05432885963 1723.772896874759 1365.711902269289 2029.072694607071 1859.226989907365 215.8726476420762 2526.121533101683 2317.279655112865 2507.648500089277 1830.708059740821 2142.093368646661 2315.879530545576 1361.812028144854 924.8762079327157 2431.33564116516 2400.624085524429 2036.654364392741 1832.882156604728 2406.534853269322 1271.769240074629 1650.458421166677
1699.546410075347 0.0 1118.213307021518 1352.735376930758 1157.355606544505 552.2408894676308 2851.398604194089 972.2756810699319 2573.679272947583 1824.221751871192 2632.052431088712 1580.825733596211 1022.095885912863 1561.118188991468 1234.602770124869 2436.577928160723 1266.940014365321 1973.032691062163 1871.16701552801 1195.764608942747 617.4504028664975 853.9935596946852 349.4810438349983 2191.603294394312 1348.816518285567 2499.334511424991 1244.434007892745 1145.965531767863 2041.423522936875 331.3080137877743 767.3232695546252 2332.326092123484 1803.439491638131 1449.670652251745 76.2954782408499 1685.682354419124 2233.03582595533 1090.557655513912 1052.905028955603 1477.538493576394 713.740849328382 1111.329384116159 1299.140100220142 2432.894777831545 1892.523447675087 1903.024172205913 782.0927055023592 2417.847803315999 1872.632371823151 628.0071655642155 2577.453200351075 2658.871941256291 1714.820690334707 499.3846213090667 1051.692445537192 1195.887118418791 1661.636843597301 1508.412741924438 988.7107767188542 1107.680910731967 2336.080906133176 585.8498101049449 2466.286276975972 1171.047821397572 708.4546562766033 2254.149950646585 893.6632475379079 208.6552180032889 1335.149804329087 679.2230855911774 1019.152589164155 777.5680034569324 1124.982222081754 1649.049423152623 715.3586513071607 772.8143373411236 503.7459677257973 2638.75121980076 1107.711605066951 476.1606871634826 1919.615846986058 2751.473968621182 630.1253843482264 2564.830793639222 1484.645748991994 922.6440266971873 2739.207367104579 1292.011222861473 667.2046162909846 1376.114094107026 616.3700187387443 1873.585332991268 1640.502971652292 733.8780552653145 717.8648897947301 2505.532478336691 2024.968394815089 1314.152198187105 1783.413861110202 1762.129677407426
1845.722893611064 1118.213307021518 0.0 975.9805325927357 2130.104457532541 1544.695762925502 2533.547118172465 2042.999021047245 2141.061886074291 1075.213467177565 1769.966383861569 1413.483993542198 1545.482772469496 863.4958019585272 1626.259819340071 1842.205471710471 2349.186242084693 1569.411673207511 1199.551999706557 1918.96013507316 806.1811210888035 1938.239407297251 1073.168206759779 2012.408010319975 2439.123818095342 2165.144336990031 1453.477554006253 2233.961951332206 1672.344761106393 792.8795621025932 1575.449777047812 2107.112716491455 886.2398095323861 2555.493690072429 1061.811659382209 849.4562966980703 1783.862102293784 2162.296233174354 2145.182975878748 1477.601096372089 414.3971524998694 1962.775585745859 2229.644366261131 1744.622022101062 992.4615861583762 1688.239911860871 1640.836981543261 1604.541367494151 1466.58276275156 1655.560328106469 1940.903913129138 1793.880988248663 1841.087993551639 1545.329091164727 1865.311234084007 2231.69375139153 809.3763030877541 2626.45502531454 130.1383878799795 790.2126296130681 1996.118483457332 1695.83283374276 1818.607434274918 1897.645910068578 1347.239028532057 1555.225064098441 1651.376698394403 910.6184711502398 415.3263776838645 1220.698570491503 2081.899373168646 1863.502347731282 17.72004514666935 763.4664367213531 1780.78213153659 1326.6427552284 960.1338448362291 2221.599648901665 1674.568601162699 1148.557355990549 982.9476079629067 2312.921096795133 1739.886490550461 1729.065065288175 1690.269209327319 1878.260099134302 1747.92047874038 2396.868790735112 483.3890772452352 2477.278547115766 1383.148943534282 1141.991681230647 1195.978678739717 1499.688634350478 1570.663872380084 1565.084662246742 1055.959279517918 2430.775390693266 1100.096359415847 837.2645937814401
942.3274377837038 1352.735376930758 975.9805325927357 0.0 2508.490582003449 1433.778574257546 1607.403185264979 1918.812393122371 1262.1283611424 579.6153897197693 1362.825373993308 444.6403040661069 994.9758791046143 383.5896244686501 933.6942754456621 1083.994926187388 2206.56701688392 654.1719957320093 560.1365904848567 1407.213558774929 1486.938465438298 1862.624492483657 1552.054122767631 1039.955768290171 2307.94562327625 1237.237244832211 689.2553953361555 2432.336325428702 743.3417787263138 1102.674929432967 1263.863916725214 1143.82253868334 757.5255771259476 2467.157473693157 1349.966666255134 592.7039733290136 905.402672847833 2399.902706361239 2337.452459409602 564.6848678687963 921.8313294741072 1563.025911493472 2651.867266663247 1090.0 787.9048165863692 714.5488086897914 1350.592462588178 1130.763016728085 547.727121840794 1977.894334892539 1225.170192259018 1389.945682391942 929.2152603137769 1500.946368129121 1454.001375515168 2528.000197784802 602.8863906243033 2653.605094960439 950.2683831423626 257.6237566685185 1065.809082340735 1869.676175170449 1115.717258090059 1394.862717259301 1011.792963011702 921.0955433612737 1260.392399215419 1230.650234632083 665.0248115672076 1842.549592276962 2339.623260270764 2087.98108228978 993.3076059308113 642.2343808922097 1699.676733970316 1958.812140048147 871.1125070850493 1335.618583278924 1105.959312090639 1008.26286255123 854.9081822043815 1441.400013875399 1909.836904031336 1281.580274504879 846.7183711246615 2275.300639476023 1597.200050087653 2534.545718664392 1135.044052008555 2377.625916749731 1900.164466565986 602.100489951636 290.3945591776816 2028.487120984503 2045.441028238165 1323.016250845015 974.0020533859258 2496.822981310449 497.0010060351991 746.5453770535319
2709.406208009423 1157.355606544505 2130.104457532541 2508.490582003449 0.0 1273.031814213612 3953.060839400274 1166.13892825855 3707.459642396664 2974.302103015092 3776.693262630684 2701.139389220778 1966.8472233501 2710.957395460135 2201.186043931771 3591.318420858835 1237.048503495316 3115.972079464128 3027.158733862498 1918.135813752509 1350.240348974952 1077.965212796777 1059.456936359378 3279.10917781034 1236.466740353334 3615.012171487117 2293.777670132831 448.6568844896955 3177.504996062162 1448.882672958718 1585.052995959441 3426.331128189452 2924.63501996403 1183.625363026663 1170.15426333454 2820.843313620946 3376.130477336443 351.1409973215888 460.8958667638494 2565.450447777154 1787.537412195896 1710.287987445389 170.0735135169495 3590.219074095618 3019.943873650634 3014.740619025126 1534.315808430585 3567.679918378329 3018.410177560366 530.6533708552128 3733.652501237897 3803.225999069737 2731.492266143179 1165.628156832186 1726.277208330111 218.929212303886 2793.161112431576 967.1426988816077 2014.260410175407 2265.02384093413 3457.907170529596 707.4941695872836 3623.19748288718 1898.46912010704 1694.656307337862 3410.985781266172 1700.555791498768 1309.959159668728 2435.88526002355 974.1047171634065 315.5693267730563 499.2674633901152 2130.508155346982 2773.33373397433 1127.163697073322 910.0428561337097 1644.447627624547 3768.384269153028 1996.553280030363 1551.507976131609 3038.202922781821 3882.94952323617 683.0592946443229 3712.943441529914 2497.13535876612 251.9206224190469 3848.808776751581 629.0031796422018 1649.014857422455 1179.648252658393 761.1622691647294 3025.929609227551 2794.613747908644 667.5874474553876 569.3030827248347 3631.297977307839 3135.414645625041 799.0719617155892 2938.038291105138 2880.27168857384
1440.001388888219 552.2408894676308 1544.695762925502 1433.778574257546 1273.031814213612 0.0 2712.112092078792 513.078941294612 2509.128334701117 1989.418256677062 2792.935731448184 1504.479976603212 695.6622743831953 1741.32133737573 929.7537308341387 2464.230914504564 819.7029949926986 1951.18528079729 1993.047917135963 704.1597830038294 1169.280548029428 433.8490520907013 880.0346584084061 2034.454472334046 916.1768388253438 2391.404817257003 1046.870574617512 1054.982938250662 1994.225664261695 783.9929846624905 314.2308068920041 2184.599047880411 2054.354399805447 1057.041626427266 628.0740402213739 1910.179310954864 2205.058049122517 1052.487529617335 964.7512632798156 1336.246234793573 1132.757696950235 572.1546993602342 1440.789019947057 2509.591401005351 2125.941908895913 1797.05230864324 279.7087771236362 2563.081348689503 1865.328389319157 810.0598743302868 2616.896062131624 2820.129429653894 1463.283977907228 109.0183470797462 531.741478540089 1212.43721486929 1896.829196316843 1220.015163840188 1416.720508780754 1243.603232546458 2244.418855739721 566.2949761387611 2519.290773213763 680.6944982883291 455.4843575799283 2350.384223908934 437.3785545725808 719.9784719003757 1650.710453107994 1178.613592319383 1015.827741302629 778.1220983881643 1555.516955870298 1901.578817719634 267.8656379605268 1249.857591887972 632.2230619014147 2561.923105793771 725.275809606249 446.4314057052886 2170.365176646548 2678.044249074313 590.3388857258177 2713.896276573591 1230.465359122312 1107.907035811218 2979.827679581489 1121.215857897131 1159.74135047432 970.7564061081441 1041.150325361328 2024.341868361172 1689.066014103653 1125.375048594912 1056.003787871994 2721.096286425749 2286.273168280641 1065.890238251575 1922.406044518171 2021.145467303133
1315.028516801062 2851.398604194089 2533.547118172465 1607.403185264979 3953.060839400274 2712.112092078792 0.0 3062.665832244843 438.6217048893043 1545.724749106386 1495.003010030415 1272.774921185989 2031.813475691113 1684.491614701599 1809.04671028694 860.4661527335053 3271.882791299224 966.0331257260281 1390.717800274376 2269.014103085302 3088.99870508228 3063.377384521861 3111.926252339538 677.6938836967618 3366.237662435616 370.7411495909242 1665.980191959076 3765.362797925321 867.1654974686205 2666.01069015111 2426.450287972123 527.7736257146619 1856.475154695047 3543.325133261129 2869.938849522756 1779.283282673111 759.6848030597953 3764.112910102458 3676.350500156371 1387.631795542319 2528.959469821531 2509.459105066269 4112.578874623561 1073.525500395775 1780.617027886682 948.7829045677414 2499.824993874571 1387.346387893089 1071.190926025795 3436.013533151463 893.0358335475682 1503.279747751562 1285.594026121777 2811.252567806742 2428.916836781367 3920.114794237536 1820.435387482896 3817.869170099992 2535.394446629557 1857.37368345737 542.1217575416061 3255.857797877542 964.5776277729025 2275.225043814348 2265.305718882112 1182.898981316663 2342.338148090493 2778.369485867565 2142.70599943156 3423.865943637396 3723.349298682572 3477.390113288988 2549.389142520223 1882.139739764293 2932.593391522254 3538.614418102091 2348.758395408093 359.7693705695359 2049.179591934294 2406.653485651809 1849.288782207906 340.6479120734487 3287.747557219076 1422.103020178215 1500.476257726193 3746.785555646333 1951.050230004343 3809.717706077447 2742.12326491717 3456.749918637448 3448.472415432665 1482.713728269891 1344.36304620441 3573.748312346576 3568.987531499655 1745.299114765145 1896.345169002732 3716.24460981782 1477.735091279895 1891.191423415409
1751.112217991754 972.2756810699319 2042.999021047245 1918.812393122371 1166.13892825855 513.078941294612 3062.665832244843 0.0 2909.729368858898 2485.575386102783 3281.636786727014 1928.991964731839 1044.766002509653 2242.911054857058 1255.632111726998 2910.440516485434 307.6572768520192 2385.940904548979 2478.679083705674 829.0723731979012 1566.428102403682 127.7693233918064 1229.967885759624 2391.339582744366 403.10048375064 2769.382061038166 1436.373210554973 797.6020310906938 2415.869615687072 1261.405961615847 671.7000818817875 2542.851352320855 2563.833457929746 549.651707902377 1045.665816597253 2417.226716714839 2630.904977379457 847.3134012866785 734.0878693998424 1735.817962806008 1628.757194918874 591.3383126434478 1331.988363312533 2974.395568850922 2633.037979217163 2194.068595099068 586.9045919057032 3049.189400480069 2308.705264861671 888.6827330380623 3065.884048688078 3308.758075169595 1779.283563685114 497.6796158172444 645.7778255716125 1024.243135197888 2405.269423578157 762.2709492037592 1913.639725758221 1744.800561668869 2635.705977532396 609.5408107747995 2975.045545869844 815.5519603311612 908.8652265325151 2823.830023213154 727.2482382240606 1171.216888539437 2163.664715245872 1457.573325771297 854.058546002556 707.6750666796167 2052.815870944104 2411.798499045889 262.6061690059851 1495.016387870046 1145.2056583863 2954.569342560773 1013.570421825736 957.4868145306232 2679.40011942972 3070.423586412793 595.4242185198717 3199.917655190521 1563.017914164774 1098.566338461178 3484.854803288079 773.6310490149681 1629.346494764082 461.2352978686692 1260.40628370379 2516.888952655639 2158.09035955402 1299.518757078943 1194.719213874122 3222.630137015416 2796.062409890023 656.210332134446 2413.32654234772 2531.530959715879
1226.928278262425 2573.679272947583 2141.061886074291 1262.1283611424 3707.459642396664 2509.128334701117 438.6217048893043 2909.729368858898 0.0 1120.165166392885 1089.690322981718 1009.358707298847 1864.983914139744 1280.603373414267 1663.883709878788 426.8219769412067 3147.310280223417 608.8949006191463 968.5354923801192 2165.589527126505 2747.269553574967 2893.000172830966 2805.585856822065 585.9180830116101 3245.735817961776 220.5175729958953 1475.066439181639 3561.63614087683 532.3016062346609 2355.542400382553 2248.003558716045 465.0268809434568 1424.994385953853 3420.744071104999 2582.949089703473 1357.000368459788 360.8794812676387 3548.938010165858 3469.571155056486 1177.10874603836 2177.18189410072 2395.282446810814 3860.844467211804 644.8968909833571 1345.960623495353 716.0698289971447 2328.193290944719 959.6942221353632 714.6586597810174 3180.990097438218 487.1652696980769 1101.355982414405 1194.723817457407 2600.630692735899 2303.100518865818 3695.638104576799 1398.82522139115 3671.937363300196 2154.41732261881 1519.184649738142 279.6587205863604 3026.979517604967 538.0455371062936 2167.112825858404 2053.882421172157 744.5246805848682 2182.624337809876 2477.105569005891 1739.497053748583 3103.483365510439 3500.442400611671 3249.904152432807 2156.186448338826 1459.804438957493 2749.253171317622 3219.558510106626 2071.266520754874 82.66196223173026 1908.698509456116 2157.293211411004 1413.258645825314 179.4268653240088 3062.292115393304 1009.669252775383 1368.84915165989 3488.208279331955 1543.901551265494 3626.846839887232 2389.622773577453 3331.703017977443 3150.18681985688 1055.39423913531 979.7780360877662 3277.65037793844 3284.683394179719 1322.29648717676 1458.091903824996 3551.0 1060.287696806862 1461.4191732696
1379.023205025934 1824.221751871192 1075.213467177565 579.6153897197693 2974.302103015092 1989.418256677062 1545.724749106386 2485.575386102783 1120.165166392885 0.0 811.3722943261004 838.1199198205469 1572.194962464897 263.3723599772763 1491.517683435232 774.0290692215635 2778.111588831521 663.1327167317263 157.8892016573648 1981.636697278288 1796.70921409114 2422.246890802009 1952.846640164045 1190.012604975258 2879.161162561068 1199.310635323476 1241.613869123569 2948.475199149554 767.0704009411392 1527.039619656281 1839.31563359854 1228.338715501551 321.846236578898 3035.11185955312 1804.662849398746 239.0397456491284 790.675660432266 2905.530760463568 2853.528692689106 1040.861662277942 1233.356801578521 2142.410791608369 3105.019484640958 671.2570297583483 278.8691449407768 925.4285493759094 1925.692083381972 593.7078406084933 597.0535989339651 2449.905304292392 865.7944328765345 838.4658609627467 1356.740579477153 2047.28356609435 2033.446827433656 3019.529267948897 281.4427117549857 3207.374315542232 1120.615902082422 747.5667194304466 1048.147413296431 2380.089284039571 743.4978143881797 1970.246685062558 1584.117735523468 481.0873101631345 1839.663284408318 1665.252533401466 659.893930870712 2195.577600541598 2838.778786732069 2590.907370015378 1087.909003547631 340.9178786746157 2257.144434899991 2310.446060828947 1388.573728687101 1202.820435476551 1679.547558123913 1550.170313223679 358.1759344232943 1278.861994118208 2422.308196741282 740.860310719909 1346.626154506142 2730.404548780272 1017.916499522431 3066.136330954643 1427.589927114926 2946.143411309096 2300.639258988684 67.62396025078685 454.9648338058668 2428.008649078499 2466.86298768294 743.5872511010392 457.1848641414105 3042.231582243534 107.5174404457249 349.502503567571
1953.647358148343 2632.052431088712 1769.966383861569 1362.825373993308 3776.693262630684 2792.935731448184 1495.003010030415 3281.636786727014 1089.690322981718 811.3722943261004 0.0 1472.918870814004 2321.98621873602 1072.385191990266 2201.295981916107 684.0847900662607 3568.28207965682 1078.488757475014 803.334301520855 2715.355041242305 2550.651877461917 3223.923851458033 2741.046697887506 1504.900328925474 3669.766477584098 1283.585992444604 1954.798199303447 3759.760231716911 1129.003985821131 2327.815499561767 2623.780669187118 1456.696605336884 884.9598860965394 3829.872713289568 2609.490563309245 960.0130207450313 980.3004641435197 3716.086113103408 3664.828645380299 1696.991455488212 2009.503918881474 2898.957226314317 3903.060978257962 471.3141203061924 779.9391001866749 1389.035996653794 2710.687920067524 235.9830502387831 1096.125905176955 3255.489671309064 604.7520152922187 27.20294101747089 1924.6116491386 2854.516596553609 2791.669213929186 3827.927115293602 991.5830777095784 4012.663579220167 1847.108280529325 1556.540073367853 1218.570473957087 3191.29440822999 562.9102948072632 2707.333189690549 2374.154165171251 510.5800622821067 2610.477734055588 2466.79893789502 1378.740367146766 2960.40605322986 3648.61233895847 3401.422055552648 1778.343330181211 1021.970645370991 3059.976797297653 3072.621356431671 2199.386278033033 1152.175333879354 2415.873548015293 2357.725386893054 788.2417141968573 1155.140251224932 3233.582842606634 94.64142856064674 1991.525294843126 3530.491750450637 456.1326561429252 3877.034046794018 2187.69330574466 3740.268706924678 3084.472726415327 769.9103843954828 1144.29454250206 3210.099219650383 3257.129103980989 297.4777302589221 734.8040555141214 3850.56047868359 870.6003675625229 933.6385810365807
542.65274347413 1580.825733596211 1413.483993542198 444.6403040661069 2701.139389220778 1504.479976603212 1272.774921185989 1928.991964731839 1009.358707298847 838.1199198205469 1472.918870814004 0.0 896.8801480688487 752.9276193632427 738.4483732800825 987.486708771313 2186.609475878123 458.4233850928637 734.9911564093816 1259.366904440481 1839.905704105512 1900.927405241978 1840.427396014306 636.9654621720082 2287.302341187102 918.6560836352198 504.7316118493075 2554.080069222576 490.0653017711007 1397.027200880498 1258.613920151847 764.1969641394816 1107.418620034899 2458.197103570013 1597.530907369244 951.7588980408851 703.0768094596777 2539.866531926432 2461.583433483415 224.2008028531566 1303.315771407681 1463.722992919084 2856.490329057671 1082.748816669868 1104.19246510742 324.7229588433808 1342.259661913447 1239.649143911292 393.2861553627333 2177.036747507952 1144.414697563781 1498.175557136079 522.2451531608504 1593.463209490574 1361.471630258964 2686.314948028246 974.9220481659033 2689.226840562172 1376.539501794264 639.6131643423234 757.4509885134484 2017.67440386203 1063.88439221562 1254.344848915162 1049.137741195121 967.6455962799604 1209.829740087422 1506.368148893225 1107.512979607914 2156.519881661191 2491.083699918572 2240.60036597337 1431.019566602777 1026.638203068637 1751.320644542284 2270.370013896413 1077.308683711405 1067.701269082321 969.1465317484245 1149.720400793167 1181.120230967195 1182.79203582033 2052.933510857086 1380.608923627542 523.2790842370828 2486.038213704689 1802.75927400194 2625.048761451871 1512.429833083175 2368.098815505806 2175.722868381908 824.6235504762158 383.1918579510791 2300.983485381849 2297.60658077052 1520.572589520145 1290.530511068994 2557.461632165769 731.3173045949344 1110.618296265643
744.452819190041 1022.095885912863 1545.482772469496 994.9758791046143 1966.8472233501 695.6622743831953 2031.813475691113 1044.766002509653 1864.983914139744 1572.194962464897 2321.98621873602 896.8801480688487 0.0 1369.169821461166 234.3416309578816 1884.329058312268 1291.032532510316 1355.127300293223 1527.927354294045 415.6164096856619 1532.809511974662 1033.667741588176 1363.740811151445 1355.546015449125 1391.34539205763 1727.142437669806 394.6238715536606 1737.630858381607 1376.971314152913 1036.394230010955 395.3795644693843 1506.9323143393 1734.054785755052 1563.459305514538 1075.892652637799 1571.478603099641 1592.807898021604 1743.689192488157 1650.661988415557 693.5416353759881 1211.000412881845 577.041592954962 2133.547515289969 1969.299621692951 1777.195824888186 1149.51511516813 468.3599043470737 2086.042185575354 1286.424502254213 1483.287227747883 2041.179315983777 2348.495688733535 768.1575359260625 801.6164918463193 470.468915019898 1906.723367455279 1572.987285390445 1806.953513513837 1442.276325812776 916.1009769670591 1591.138586044597 1259.353802551134 1958.088864173432 401.3838561775996 313.6431092818715 1835.511917694897 317.6948221170751 1069.720056837302 1466.99863667285 1699.046791586388 1710.468941547902 1473.674319515679 1561.347174718038 1599.261079373846 900.9916758771969 1794.888854497682 662.872536767062 1910.084814870795 129.5414991421668 561.7089993938142 1839.506727359267 2026.029861576576 1285.330307741944 2234.069157389717 536.9627547605141 1790.128487008684 2589.834936825125 1778.091392476776 1348.146134512131 1473.584066146211 1626.707103322537 1587.809182490138 1177.713887155959 1733.465027048426 1689.014505562341 2312.939471754503 1959.666553268693 1690.189338506192 1482.231088595837 1714.458806737566
1288.504559557319 1561.118188991468 863.4958019585272 383.5896244686501 2710.957395460135 1741.32133737573 1684.491614701599 2242.911054857058 1280.603373414267 263.3723599772763 1072.385191990266 752.9276193632427 1369.169821461166 0.0 1317.194746421348 985.0857830666322 2539.2386654271 736.0461942025106 345.0797009387831 1783.777172182669 1547.112471671016 2175.032183669934 1692.064124080408 1232.974046766598 2639.776505691344 1321.407204460457 1072.63134393882 2687.833514189449 843.0990451898282 1264.003560121569 1608.079910949702 1300.758624803234 374.3420895384327 2792.467904918515 1541.290692893459 209.7736875778276 927.2869027436977 2643.703841204608 2592.95294982381 921.9078045010791 978.4579704821255 1928.673378257708 2842.001583391536 914.2805915035055 408.0306361046925 929.8908538102738 1693.545688784333 857.0332548973814 642.9074583484003 2186.571974575728 1095.538680284727 1099.368000261969 1270.983870865402 1795.111417154935 1819.452939759641 2756.636356141303 224.9022009674427 2956.061061615609 890.7058998345077 498.2057807773812 1157.106736649649 2119.238070628215 974.3438817994395 1770.413793439263 1350.031851476105 725.0006896548445 1618.598158901708 1402.080240214518 459.2003919858954 1941.002318391196 2576.436686588669 2329.041433723325 878.0279038846089 273.7918917718346 2009.166991566405 2056.429916141078 1131.71816279496 1361.899408913889 1484.023247796341 1298.568827594441 472.1281605665987 1450.620901545266 2161.670650214782 1003.719582353558 1217.729444499064 2467.22070354478 1243.540509995553 2808.085646841991 1177.828510437746 2704.102069079494 2040.576879218227 317.2380809423736 404.1088962148693 2168.254828197092 2205.244657628718 979.992346908893 591.7981074657133 2787.924317480659 245.3263133053607 366.5637734419483
511.1653352879086 1234.602770124869 1626.259819340071 933.6942754456621 2201.186043931771 929.7537308341387 1809.04671028694 1255.632111726998 1663.883709878788 1491.517683435232 2201.295981916107 738.4483732800825 234.3416309578816 1317.194746421348 0.0 1717.501673943871 1483.50160094285 1188.28026997001 1426.010518895285 521.3108477674333 1710.407261443894 1254.623848011825 1569.001274696742 1135.820848549629 1581.855239900289 1515.106926919681 250.3197954617253 1967.693319600389 1197.007101064985 1210.781978722842 625.8282511999598 1287.363585006194 1690.517672193935 1756.938530512664 1283.288354190125 1525.735560311812 1412.360081565604 1975.969635394228 1881.64103909327 518.6636675148935 1331.820558483762 735.6119901143537 2367.839732752198 1821.18560284228 1720.417681843569 954.1325903667687 693.7038272923106 1965.990844332699 1131.450396614894 1715.834782256147 1874.671437879182 2227.164116090235 535.7630073082687 1035.925190349187 639.8413865951467 2139.946261007505 1533.513938638968 2015.099253138664 1535.293131620148 917.3859602152194 1386.645592788583 1493.69340896986 1799.80554505202 517.3480453234554 532.3532661682466 1701.934193792463 533.496016854859 1261.10943220642 1487.887428537522 1905.63060428825 1943.877568161123 1707.85011051907 1643.059645904555 1567.801007781281 1128.518497854599 2005.14388511149 827.1130515231881 1704.372025116582 244.9020212248155 762.4440963113295 1788.487908821304 1819.637601282189 1519.616398963896 2110.577409146606 308.7539473431878 2023.415923630137 2500.311380608423 2002.086161982046 1491.029845442404 1668.031774277697 1845.744294315981 1497.654833397869 1065.458586712783 1955.565647069921 1915.40126344325 2219.632627260647 1907.303069782042 1907.48630401374 1393.879837001741 1677.177688857087
1371.312509969919 2436.577928160723 1842.205471710471 1083.994926187388 3591.318420858835 2464.230914504564 860.4661527335053 2910.440516485434 426.8219769412067 774.0290692215635 684.0847900662607 987.486708771313 1884.329058312268 985.0857830666322 1717.501673943871 0.0 3173.100849327043 529.9981132041887 642.8887928716755 2238.000223413751 2519.524756774579 2875.285203245062 2626.177640602402 838.7353575473016 3273.992364071731 602.6084964552026 1491.75064940492 3495.700931143853 530.0056603471326 2180.048852663628 2238.749874371856 776.0470346570496 1050.067616870457 3444.065185213543 2433.615622895284 1011.76924246589 330.8549531138985 3470.186738491172 3401.461009625129 1199.519903961581 1945.668522642025 2449.245802282817 3735.707295814274 220.5107707119995 960.402519780118 795.7669256761052 2323.780755579149 534.0599217316349 601.770720457551 3060.669371232378 157.203689524133 699.4969621092004 1339.878352687288 2544.552023441454 2348.110942864498 3604.334335213647 1054.186416152286 3667.423755172014 1875.685741269043 1334.58795139174 537.4476718714111 2940.495876548716 121.4907403878995 2234.794173967706 2014.333636714633 332.1806737304264 2196.160740929497 2311.238845294878 1428.529663675207 2900.474443948783 3413.465101623276 3161.281385767486 1855.750252593274 1111.526877767695 2720.456211740965 3016.827804167815 1949.034632837498 501.2783657809301 1954.054502822273 2068.019584046534 1020.664979314956 542.1669484577606 2979.182773849231 597.4520901294095 1457.959190101012 3359.205858532639 1130.738254416114 3583.22829303409 2152.230935564304 3353.880439133154 2975.936827286493 706.4120610521878 796.7295651599732 3104.484659327535 3126.51531261243 898.2455120956631 1051.566926067951 3527.574237347812 742.7819330059126 1091.467360941224
1957.147158493709 1266.940014365321 2349.186242084693 2206.56701688392 1237.048503495316 819.7029949926986 3271.882791299224 307.6572768520192 3147.310280223417 2778.111588831521 3568.28207965682 2186.609475878123 1291.032532510316 2539.2386654271 1483.50160094285 3173.100849327043 0.0 2645.022684212746 2764.966726743742 1004.304734629883 1845.943661112115 413.8792094319307 1500.832435683611 2609.912259061595 101.5923225445703 2995.658525266189 1685.627776230565 807.7586273138777 2667.891489547504 1564.701249440289 945.4152526800062 2760.568057483822 2865.466279682942 273.4373785714016 1338.43191832831 2717.052079000327 2883.775303313349 889.1012315816462 776.4599152564156 1984.018397092124 1934.818079303581 762.5142621616989 1389.498470672062 3247.354923626304 2932.729786393557 2435.325440264607 858.5347983628852 3334.575385262717 2572.774572324594 1082.598725290216 3329.54050883902 3595.320430782213 1987.036235200556 804.180328035945 846.0933754615976 1055.540146086353 2706.159270996443 564.8734371520757 2219.633303048051 2041.86777240839 2870.108882952004 828.9083182113689 3242.840267419905 996.9714138329143 1194.894556017392 3102.181974030537 976.9467743945931 1469.678196068786 2470.362726402744 1698.194629599328 924.658315271106 856.7432520889791 2358.793335584955 2714.151248548982 568.5463921264474 1721.478724817707 1451.173662936314 3187.540901698361 1238.631502909562 1262.006339128294 2980.597591088069 3302.568697241588 802.3820785635731 3485.003586798728 1783.861541712248 1230.660391822212 3782.439688878066 707.1576910421041 1929.442665642076 185.0432381904294 1485.203353079975 2807.167433552904 2436.384411376825 1504.404865719332 1390.103952947405 3517.829160149765 3097.84989952709 541.2993626451079 2702.853307155237 2833.972476930572
876.812408671319 1973.032691062163 1569.411673207511 654.1719957320093 3115.972079464128 1951.18528079729 966.0331257260281 2385.940904548979 608.8949006191463 663.1327167317263 1078.488757475014 458.4233850928637 1355.127300293223 736.0461942025106 1188.28026997001 529.9981132041887 2645.022684212746 0.0 509.7332635800807 1709.245740085375 2140.826242365316 2354.955838227121 2197.540670840929 527.9706431232706 2745.725405061475 596.1853738561522 961.9615376926461 2993.571946688437 107.4243920159663 1747.398351836238 1714.766747986443 570.165765370037 983.8699100999074 2916.535101794594 1979.28396143656 868.7652156940908 260.2479586855582 2973.936448547615 2900.124997306151 669.855208235332 1573.139536086993 1919.270955336948 3266.317345268215 646.6011135158986 937.0064033932746 313.3448579440869 1799.040021789399 858.1526670703762 106.7801479676817 2587.059527726411 687.1688293279898 1101.494439386782 847.2095372456569 2036.000245579553 1818.139983609623 3114.689069554135 906.0270415390481 3145.120824388151 1569.364521072144 910.6772205342571 426.7130183155888 2447.000204331826 613.1769728226917 1705.626277940159 1497.646820849295 570.2017186926045 1668.196631095987 1870.23340789325 1187.187011384474 2494.604177018871 2921.227481727502 2669.400307185118 1585.493298629799 967.7861333993167 2202.882656883929 2610.668113721084 1473.339743575799 681.4880776653397 1424.095853515486 1572.955498416913 1015.279764399941 788.3203663486057 2484.064411403215 983.8927787111764 937.3585226582196 2891.852347544736 1461.884058330208 3072.318505624051 1786.138852385223 2826.418935685225 2543.009634271958 615.5745283879118 378.9934036365277 2670.72892671645 2680.305206501677 1186.929231251805 1099.11646334681 3009.9916943407 569.2776124177026 1007.00198609536
1267.465186898638 1871.16701552801 1199.551999706557 560.1365904848567 3027.158733862498 1993.047917135963 1390.717800274376 2478.679083705674 968.5354923801192 157.8892016573648 803.334301520855 734.9911564093816 1527.927354294045 345.0797009387831 1426.010518895285 642.8887928716755 2764.966726743742 509.7332635800807 0.0 1929.682098170577 1890.754611259748 2422.621926756216 2024.204782130504 1037.642038469915 2866.443789785525 1042.067656152901 1176.011054369813 2978.493075365461 612.0718912023325 1587.920967806647 1820.669382397584 1071.881056834199 479.1200267156446 3026.660370771719 1857.673006747958 388.8971586422302 633.8840587993991 2940.858718129791 2883.460594494054 949.1522533292538 1320.037878244409 2103.557225273418 3162.96838428714 572.9232060232855 427.2762572388033 784.5438164946557 1907.55891127902 570.6294769813421 451.4532090925924 2499.096836859268 750.4618577915869 830.3938824437473 1243.285968713554 2057.939989406882 1995.450074544588 3061.655107944067 430.4706726363597 3213.051664695107 1233.823731332803 769.8188098507336 890.2718685884666 2412.134739188506 629.363170196668 1920.006510405629 1570.865366605299 386.3806413370111 1809.911600051229 1724.111655317022 786.8042958703263 2281.554294773631 2877.111398607986 2627.018462059222 1213.247295484313 491.798739323313 2259.389298018383 2397.33518724437 1413.365487055631 1051.080396544432 1628.000307125278 1562.699267293615 505.6688639811631 1130.773628981504 2453.409871994486 721.4436914964327 1254.800781000713 2786.830816536949 1075.611918862933 3087.46578928415 1521.696421760924 2937.016172921082 2373.854671204621 106.0188662455886 362.2154055254967 2502.019384417315 2534.190205963238 794.1064160425856 593.8392038254127 3054.353286704078 100.184829190851 507.3824987127562
956.0130752243925 1195.764608942747 1918.96013507316 1407.213558774929 1918.135813752509 704.1597830038294 2269.014103085302 829.0723731979012 2165.589527126505 1981.636697278288 2715.355041242305 1259.366904440481 415.6164096856619 1783.777172182669 521.3108477674333 2238.000223413751 1004.304734629883 1709.245740085375 1929.682098170577 0.0 1779.689860621788 867.8824805237169 1543.956605607813 1612.829191204078 1097.466628194224 2002.834491414605 761.2837841436004 1608.418477884409 1715.085129082519 1309.916791250498 428.4413612152777 1762.367725532898 2149.563909261597 1274.627788807383 1264.223081580146 1986.808496055923 1929.622761059788 1639.924693392962 1533.282100593364 1039.917785211889 1554.410820857858 243.3105012119288 2088.207365181916 2342.061058128075 2191.712572396299 1465.786478311217 427.2352981671809 2479.541288222481 1652.551058212726 1501.884149992935 2395.105843172698 2741.501231077601 986.5905939142133 807.5208975624098 192.2758435165479 1814.311164050974 1988.567826351417 1559.118340601508 1807.384851103937 1330.120295311668 1886.26323719676 1235.422599760908 2321.082721490124 24.73863375370596 580.538543078752 2219.841661019992 304.6456958501137 1304.473073696809 1873.437482276897 1862.769175179791 1626.750441831813 1420.90288197329 1933.900204250468 2014.806442316482 791.0379257658889 1942.561453339379 980.2025300926334 2200.272028636459 302.1853735705949 822.0608250001942 2254.634781954718 2313.941226565619 1248.317667903487 2625.630971785639 797.1210698507473 1785.506370753126 2997.888923892945 1602.339539548344 1660.495408003286 1188.724105921975 1741.84528589654 1994.303136436384 1573.432235591988 1829.21021208608 1759.542270023656 2719.419423332855 2374.752618695261 1481.021606864667 1889.089727884835 2130.07511604638
2104.903085655014 617.4504028664975 806.1811210888035 1486.938465438298 1350.240348974952 1169.280548029428 3088.99870508228 1566.428102403682 2747.269553574967 1796.70921409114 2550.651877461917 1839.905704105512 1532.809511974662 1547.112471671016 1710.407261443894 2519.524756774579 1845.943661112115 2140.826242365316 1890.754611259748 1779.689860621788 0.0 1442.188614571617 354.3247098354841 2476.846785733829 1918.299507376259 2720.594420342731 1645.522713304195 1525.585133645448 2229.646833020871 499.6258600192748 1356.558144717726 2600.957515992908 1667.918763009758 1994.617757867406 541.335385874598 1598.624408671405 2388.041038173339 1438.691419311313 1446.27314156075 1805.924970755984 574.2064088809876 1720.167433711033 1435.677540396868 2461.326877925807 1771.423156673752 2159.489291476112 1384.434180450627 2367.188416666489 2034.175262852245 930.002150535148 2639.597696619695 2575.668651049665 2112.72738421217 1114.548339014509 1652.467851427071 1477.889373397075 1563.376474173767 1987.525597319441 708.0451962975245 1232.598880414874 2549.683313668582 1059.82498555186 2519.460458113999 1755.066950289931 1233.920986125125 2271.722034052582 1475.168126011405 475.2788655095027 1171.955630559451 414.7541440419855 1353.566030897643 1171.770028631898 803.1251459143837 1528.990843661269 1319.222877303149 523.2446846361652 883.6996095959305 2821.893867600268 1640.162187102239 977.2000818665541 1772.943879540466 2926.106628269039 1099.35663003413 2501.187318055167 1902.401114381507 1101.504879698678 2553.565742251411 1710.09356469171 369.36296511697 1930.892280786269 590.139813942425 1858.587904835281 1767.853217888861 699.0350491928141 781.693674018154 2363.203334459394 1855.002425874424 1782.192189411681 1791.934150575852 1620.016049303216
1759.072767113402 853.9935596946852 1938.239407297251 1862.624492483657 1077.965212796777 433.8490520907013 3063.377384521861 127.7693233918064 2893.000172830966 2422.246890802009 3223.923851458033 1900.927405241978 1033.667741588176 2175.032183669934 1254.623848011825 2875.285203245062 413.8792094319307 2354.955838227121 2422.621926756216 867.8824805237169 1442.188614571617 0.0 1103.711012901475 2388.424166683967 500.9361236724698 2760.426416334984 1418.079334875168 740.5470950587816 2390.227813410262 1151.472969721825 645.0069767064539 2539.927558022079 2487.046642103843 627.2862185637431 926.2613022252414 2343.744866661045 2604.003072194808 776.2454508723384 667.0367306228346 1716.065558188265 1523.882213296028 641.9501538281613 1246.243154444589 2930.414646428044 2559.464006388838 2177.027790360059 565.8498033930912 2993.116269041348 2273.923701446467 768.4816198192381 3029.627039752583 3251.102120819954 1786.030514856899 397.5550276376844 677.5618052989705 952.4352996398233 2330.016738137303 793.6409767646829 1808.434682259771 1677.152348476429 2621.830848853526 486.5644869901625 2935.53487460122 851.5022019936296 862.3253446350745 2775.156391989467 721.1331361128817 1055.902457616233 2074.844572492118 1329.914658916128 772.1094482001888 602.5155599650518 1947.511745792564 2333.872532937478 166.5803109614099 1368.161174715903 1061.587961499187 2940.809582410939 1018.312329297844 879.5294196330217 2603.246050606819 3056.944880104972 475.5638758358334 3143.957060775481 1563.376474173767 992.1799231994165 3413.594293409807 748.6360931721099 1515.568870094658 543.6699366343518 1133.933419562189 2456.238791323026 2111.06631823825 1175.504147164101 1072.595450298014 3154.879712445468 2718.726540128669 658.0007598779807 2353.76294473339 2453.27699210668
