0.0 3475.353938809686 793.3630946798571 3349.3775541136 1684.902667812001 2939.931461786142 146.7310464761974 1303.905671434863 2084.011756204844 1489.227987918573 3496.432467530297 365.3669388436781 2474.727055656846 869.5084818447718 1050.453711498036 671.3046998196869 854.4196861027957 3242.253691493002 2851.40404011778 1064.592410267892 120.6192356135621 2309.491935469791 909.6208001139815 3384.896010219516 999.2021817430144 909.3756099654312 2882.43733669962 1052.397738500041 3519.952556498454 2059.439972419687 1808.87257704903 455.0890022841686 1975.656093554746 3095.957687049356 535.306454285767 826.4635503154389 3193.002348887329 1898.884146018393 2478.342994825373 681.6223294464464 2706.14947850262 1752.103022085174 2701.229719960892 983.7337038040325 931.1245888708986 832.3322653844436 447.1822894525229 1766.586822095082 956.7371634884892 1350.431412549338 379.7472843879203 866.8333173107734 3285.987218477881 1027.740239554723 2714.479692316743 949.8736758116839 1604.680965176567 560.5086975239545 711.5124735378854 1606.111453168802 887.3353368372073 748.1082809326468 488.8486473337121 753.2994092656651 1397.376112576711 2084.476433064188 3030.164516985835 1830.000273224023 332.0316249997882 3091.637753683313 911.3577782627414 1263.104904590272 620.2983153290036 74.02702209328699 2620.153048964888 296.951174437819 3401.013084361776 3390.829544521517 872.2138499244322 1513.24816206728 1040.550335159237 3004.243665217587 186.9358178627092 828.0658186400402 3341.344789153014 2688.902564244379 2699.712577294109 491.6299421312742 1038.315944209661 1832.255986482238 2609.512789775134 2873.482382058397 2392.371626650007 2958.460748429832 727.7719423006083 3385.965888782697 1292.07004454093 553.2314163168971 912.7962532789012 3496.164326801588
3475.353938809686 0.0 4126.811117557962 146.4547711752676 1984.748346768426 838.1467651909181 3400.537751591651 2306.985262198265 1424.598188964173 2055.564399380375 84.07734534343957 3340.148799080664 1019.702407568012 3050.009836049714 3019.56453814122 3442.142501408098 2712.973645282976 1746.086481248853 1714.029171280349 2999.083193244229 3475.218842029952 1910.169102461874 3237.008032118549 1698.679487131107 2476.155083996154 3829.566163418514 658.6562077442222 3467.295487840631 1578.585759469532 1582.145378908019 1677.106138561302 3392.891539675266 2133.028363618262 907.8992234824303 2978.58087014605 3555.095076084464 729.2770392656004 2354.952653451869 1674.782672468282 2806.22308450344 835.374167663808 1939.819579239265 1703.634056950025 3030.815896751236 2557.193774433216 4122.520588183885 3723.729984840469 2035.067075061655 2825.011327410919 2355.644285540582 3786.940321684513 2984.552395251254 1044.806680683082 2454.115930431975 1123.600017799929 3015.373442875691 1875.617231739994 3281.354141204512 3612.614704061312 2077.857791091585 3309.687749622311 3010.164945646667 3168.065655885307 3268.232702853333 2116.587111365842 1451.782697238123 571.4630346750348 2447.917073758832 3807.185312012012 599.0500813788443 3341.187812739655 2885.882360734754 3417.780712684768 3461.390616500831 869.2140127724587 3367.982333682883 666.1268647937868 1041.012007615666 3727.105579400723 1980.627425842629 3426.398984356609 480.4591553920063 3435.942956453148 2756.290260476933 549.561643494158 1824.719156473127 936.2846789305056 3015.3508916874 3345.929616713418 1907.984538721423 1285.946344137266 601.878725325958 1317.771224454382 1712.391602408748 3460.50299812036 465.2418725781247 2188.859063530587 3719.75617480501 2585.043133102425 1465.630922162875
793.3630946798571 4126.811117557962 0.0 3992.603787004165 2203.354714974418 3503.425752031859 932.6548128863111 1838.685671886307 2789.474860972939 2233.554342298391 4137.891371217954 1130.976569164897 3108.386880682648 1149.960868899459 1822.039516585741 740.0168916991017 1633.862907345656 3612.202098443552 3236.178301639142 1838.260590884764 874.9537130614397 2693.571606621959 1648.819274511309 3766.258886481385 1693.697139396533 530.0650903426862 3572.916175898897 1722.984619780455 3927.900329692697 2610.106894362758 2451.800358919951 1187.283032810627 2345.231758270384 3630.833099992342 1312.561617601246 1465.713819270324 3752.861441620247 2202.67927760716 2905.303598593441 1429.809078163934 3403.342474685732 2263.63645491055 3097.918171934178 1219.867615768203 1665.418265781903 77.47257579298626 408.0649458113255 2229.893270988547 1749.617386744885 2134.200084340735 785.870854530183 1197.699878934618 3788.527022471927 1747.54828259479 3246.361809780296 1727.34623049347 2299.623012582715 1317.658908822765 1322.847307893092 2378.211302639023 963.2284256602895 1537.563332028961 1278.08372182733 1495.414658213567 2010.225111772311 2686.990323763746 3726.485207269714 2111.335122617913 582.0738784724839 3683.635296822963 953.5711824504765 1481.347022138972 743.7506302518339 851.2843238307634 3298.859954590373 1064.492836988582 3963.130706903319 3892.867837468927 596.3908114650997 2228.000224416506 980.4896735815222 3671.065921500185 735.1530452905707 1612.20904351762 3922.539993422629 3056.998855086472 3417.676549938569 1268.008280730059 1036.400019297568 2327.371263894096 3117.985246918272 3530.345025631348 2935.901394801944 3339.189272862501 1408.39518601847 3978.165406314825 1998.862176339329 1086.351692593149 1657.8063819397 3924.489775754295
3349.3775541136 146.4547711752676 3992.603787004165 0.0 1842.244554884069 697.4818994067158 3277.462433041758 2168.432613663611 1315.074522603187 1945.113364305536 147.1393896956216 3222.430914697784 884.2171678948561 2910.010481080781 2921.341643834216 3303.94007209574 2597.900883405678 1632.514931019009 1582.101450602963 2901.182689869771 3351.960769460168 1765.431675256791 3135.311786728714 1594.113233117397 2350.452084174447 3689.650660970493 583.2709490451243 3370.0428780655 1485.592137835954 1438.207564991924 1546.079558108185 3277.938986619489 1986.590294952636 781.9565205303937 2857.737041786735 3450.301436106706 609.2437935670745 2208.523715063979 1531.431356607275 2683.752037726287 749.9953333188147 1796.454563856264 1566.342235911424 2889.260459010229 2435.700515252234 3987.22020961973 3590.557895369465 1890.096558380021 2719.556581503683 2254.850992859617 3665.663650691372 2845.060632042839 939.0047923200392 2331.647486220848 979.7397613652311 2913.267924513638 1754.407307326323 3168.834486053192 3504.00913240819 1980.838206416667 3168.641664814751 2900.248954831292 3051.756379529664 3161.588524776746 1982.758179909996 1312.640087762064 528.6217929673351 2301.462361195594 3681.377595411805 460.2455866165367 3199.838902194922 2741.644032328048 3280.324374204478 3337.040904753791 760.9494069910298 3248.61601301231 578.58102284814 946.512017884612 3587.088652375349 1862.864997792379 3283.696240519211 381.2741795611132 3306.134449776657 2641.849541514429 450.2499305941091 1687.66139968893 871.1521107131636 2893.788174694202 3203.199962537462 1763.398990586078 1141.616835895477 481.1330377348868 1171.426480834371 1584.881068093124 3353.250661671447 376.4159932840261 2066.887756991172 3605.40774393133 2464.826363052781 1373.217025819298
1684.902667812001 1984.748346768426 2203.354714974418 1842.244554884069 0.0 1300.739789504419 1662.3480381677 381.4302033137911 958.8628681933616 940.4536139544576 1981.61171776915 1697.963486062053 984.5328841638557 1077.839505677909 1766.354437818186 1483.494860119171 1221.651341422748 1604.618334682737 1216.056742097177 1755.7773207329 1728.575135769342 722.9744117186998 1883.923830732018 1734.3431033103 823.7293244749758 1854.91374462534 1544.725865647365 2153.44375361884 1850.893027703114 411.2055447096987 503.7747512529781 1792.340648425963 511.941402896855 1430.767975599119 1324.69241712935 2106.234792229964 1549.534446212797 640.4498419080139 822.9003584881951 1148.568674481417 1414.00141442645 68.30812543175226 1062.105926920663 1048.47937509519 974.9964102498019 2187.20140819267 1819.161620087671 181.6039647144302 1488.012432743759 1260.908402700212 2052.263384656073 1017.611418961088 1605.498364994496 881.5310544728416 1045.792044337688 1695.730226185757 679.7425983414604 1735.681134310101 2094.921716914501 1195.844889607344 1329.400240710073 1552.605874006665 1570.648910482543 1825.762580403049 391.0358039873075 548.7740883095703 1702.863470745673 677.8347881305591 2002.85246585963 1489.811061846434 1359.412373049473 910.4861338867275 1467.100882693484 1697.948468004845 1263.753536097921 1694.919762112649 1759.793453789393 1710.515711708022 1752.041666171213 768.760690982571 1441.661541416709 1575.344089397615 1587.756278526399 1266.870948439501 1722.366975995534 1081.810519453384 1505.053155207483 1342.947876873857 1361.204246246683 157.0636813525011 928.1745525492497 1422.090011215887 732.5469268244868 1322.000378214772 1982.0759319461 1781.89674223845 741.464766526367 2099.124579437819 1022.319910791138 1818.713831255484
2939.931461786142 838.1467651909181 3503.425752031859 697.4818994067158 1300.739789504419 0.0 2892.730371119991 1667.918763009758 1157.045375082585 1709.318285165171 798.2361805881766 2880.036805320377 590.8104603000864 2374.833467845693 2721.914767218107 2783.206244603515 2293.438466582437 1027.176713131679 900.1877581927006 2704.487012355578 2964.326567704712 1080.907026529109 2906.935327797989 1035.985521134345 1970.641012462696 3146.179429085379 851.0757898095798 3164.281277004306 997.6276860632928 893.846743015826 1168.246977312589 2954.667663206812 1334.541119636259 217.1105709080053 2500.608325987898 3193.726506762907 253.0711362443374 1553.201854235308 839.6100285251481 2318.879470778937 897.3672603789377 1242.549797794841 871.2364776568988 2335.342587287784 2087.632630517161 3487.926891435656 3115.385208926819 1301.519112422096 2479.170224087084 2066.847357692387 3287.92533370209 2316.856706833636 471.6661955239107 1979.973989728148 296.0219586449627 2688.770908798293 1448.906484214906 2865.641463965791 3220.574017159053 1835.232137905175 2617.425643643005 2622.906975094618 2723.969529932374 2899.472538238636 1543.046661640535 863.4402121745316 933.4345183246653 1650.725900929649 3267.873008548527 239.827020996384 2644.551001587982 2150.912597015509 2767.727045790462 2941.0 771.368264838527 2893.224671538662 462.0054112237215 552.8001447177813 3043.431287215139 1577.044387453949 2710.089297421766 688.7909697433613 2865.153748056114 2340.472174583582 426.0046948098108 992.6983429018102 1073.348498857664 2529.994664025994 2630.01463874253 1187.486842032366 458.7635556580317 592.7697698094936 569.4989025450357 918.6800313493268 3082.315525704661 496.1451400548029 1732.774076445051 3279.854874838215 2125.849006867609 900.9084304189855
146.7310464761974 3400.537751591651 932.6548128863111 3277.462433041758 1662.3480381677 2892.730371119991 0.0 1284.998054473235 1996.560292102395 1389.207687856643 3424.600706651799 220.5379785887229 2409.637317108116 935.6243904473632 903.8390343418456 789.2401408950257 738.7563874512355 3240.891389725981 2849.225333314303 918.1007569978362 75.0 2312.293450235069 765.1013004824916 3380.21730070716 930.7980446906837 1051.483713616145 2796.806214237948 918.6103635383176 3508.600860742071 2022.566933379462 1746.226216731383 318.2766092567909 1986.058659758065 3055.643958317134 429.5544203008508 703.957385073841 3145.553369440741 1925.078959419587 2469.384133746712 594.5056770124235 2618.799152283351 1730.345919173389 2697.469184254011 1051.833637035819 844.5383354235614 974.6902071940602 593.8972975186872 1757.503058318818 817.7358986861223 1227.211880646533 395.2138661535043 922.0683271862232 3253.070242094382 946.4565494516903 2677.172015392362 803.6479328661277 1525.251782493631 415.2782199923324 601.0657202003788 1490.151670132943 988.494815363237 605.1941837129633 345.5792239125495 609.1518694053233 1351.195766719242 2032.035432761939 2942.034840038438 1862.13452790071 424.1851011056376 3035.742083906339 1015.933560819801 1322.326737232519 735.7064632039059 81.40024569987489 2539.588155587437 153.1600470096559 3352.072194926595 3357.553424742487 1010.000495049384 1426.62468785592 1152.168824435031 2926.091249431569 308.2288111127835 708.1532320056161 3287.431368104892 2691.73717141923 2604.757570293251 388.9601522007106 1142.63292443374 1813.710009896841 2579.114770614135 2799.040014004802 2354.301594953374 2956.447868642368 597.3826244543776 3328.816155932916 1211.818880856376 481.58592172114 820.4833941037442 3480.224849057888
1303.905671434863 2306.985262198265 1838.685671886307 2168.432613663611 381.4302033137911 1667.918763009758 1284.998054473235 0.0 1107.848816400505 846.0933754615976 2311.616317644431 1332.743411163604 1288.870823628187 746.9062859556077 1483.222505223003 1135.55272885058 917.7673997260962 1963.77009856042 1572.394670558254 1475.870251749794 1349.984073980134 1049.131545612846 1570.350279396288 2099.272493031812 515.097078228949 1524.436289255802 1808.000276548652 1837.207935972409 2223.867801826359 774.2899973524131 675.1725705328971 1431.98044679388 757.9795511753599 1807.111507350888 968.1038167469437 1765.124358225221 1919.106562961005 784.9490429320874 1186.670131081085 800.1706068083231 1656.960168501343 448.2644308887333 1419.230777569314 744.8342097406644 670.3200728010463 1827.043787105279 1447.54205465679 479.0334017581655 1204.435137315414 1085.355702062692 1672.885531051064 679.1244363148775 1986.341863829084 598.2641557038162 1422.578644574703 1400.646279401049 681.1438908189664 1386.905908848902 1741.95866770713 1108.218390029691 1013.32028500371 1231.798684850735 1216.926045411142 1495.077924390565 266.5520587052368 855.8621384311845 1966.619688704453 771.1763741194358 1621.446576363218 1844.972086509712 1047.758082765292 695.8850479784718 1113.073223107986 1318.293594007041 1524.860649370951 1325.063772050236 2129.240240085651 2091.345260830932 1422.45175665117 707.611475316787 1152.505531440088 1871.162740116423 1207.106043394697 958.9770591625224 2084.544314712451 1424.12534560691 1717.023587490865 981.6567628249703 1074.341658877659 529.1389231572366 1308.99388845021 1722.774796657996 1104.71896878799 1679.420138023836 1638.863630690485 2139.48615326204 568.8629008821018 1730.700725139965 718.167807688426 2195.460088455265
2084.011756204844 1424.598188964173 2789.474860972939 1315.074522603187 958.8628681933616 1157.045375082585 1996.560292102395 1107.848816400505 0.0 630.9714732061981 1460.04143776812 1921.146012150039 566.2552428013361 1824.554740203757 1616.32484358807 2168.558276828179 1290.910531369235 1994.26427536573 1687.004445755849 1596.923291833393 2071.560281526946 1428.135147666354 1823.998081139342 2065.255432143927 1097.622886058778 2575.309884266358 800.4323831530056 2065.389551634267 2091.001912959431 779.6871167333727 458.1539042723526 1969.921064408419 1397.738888347892 1370.487869337047 1568.907900419907 2135.93843544237 1374.289998508321 1576.124995043223 1350.755714405828 1404.108257934551 622.3905526275282 961.4260241953095 1561.808246872836 1842.652707375972 1153.609986087152 2796.735239524829 2381.413235874866 1113.395706835625 1405.166538172611 948.1033698917012 2375.36712951914 1751.935215697202 1621.589652162347 1056.648001938205 1104.750198008581 1601.80928952232 490.1958792156458 1856.907375180572 2189.110549972294 689.7717013621246 2095.443867060151 1585.852767440912 1746.990555212019 1846.598223761736 851.9677223932841 557.9793903003945 946.1891988392174 1628.432989103328 2412.819926973416 1195.615740946898 2132.725955203809 1796.697247729845 2133.270962629923 2062.349388440281 555.518676553723 1952.466388955262 1547.780669216411 1708.775585031575 2477.367150827668 570.8108268069203 2249.944443758557 944.2399059561081 2069.032624199048 1333.401664915715 1444.535219369884 1647.283824967634 630.6956476780223 1607.958021840122 2173.877871454604 1000.084496430177 1126.93655544578 836.3217084352169 887.4756334683224 1766.755500911204 2038.178843968311 1457.151330507576 794.6672259505862 2296.108446916217 1176.085030939515 2011.930913326797
1489.227987918573 2055.564399380375 2233.554342298391 1945.113364305536 940.4536139544576 1709.318285165171 1389.207687856643 846.0933754615976 630.9714732061981 0.0 2090.506158804609 1297.126439480747 1140.688388649591 1409.831550221515 1012.87758391624 1685.909250226714 665.0751837198559 2386.580189308543 2027.764532681248 995.2532341067774 1463.836397962559 1622.542757525977 1206.115251541079 2486.725758904669 567.733211993098 2092.930003607383 1424.196966714927 1457.590134434231 2551.837377263685 1034.551593686849 597.2101807571603 1341.071959292267 1452.373574532393 1909.775379462203 959.7692430996109 1510.171513438126 1947.020287516286 1560.334899949367 1641.760031186044 809.9660486711773 1243.344280559492 984.7867789526828 1881.533948670605 1461.397960858027 568.1381874157026 2250.20287974218 1828.836788781328 1121.617136103047 781.2157192478912 367.2669328975861 1757.618843777 1336.963724264798 2148.042830113031 492.3921201644072 1582.456318512457 985.0827376418694 294.8847232394381 1226.217762063493 1559.054200468989 263.8370709358334 1670.167656254904 955.1512969158342 1120.91079038432 1218.761666610827 603.1948275640301 903.4079919947576 1562.878434172025 1574.461495242103 1811.415192604942 1789.90279065652 1710.071635926402 1508.345451148377 1642.233235566739 1459.671195851997 1186.467867242935 1332.403842684342 2135.708313417354 2244.239069261561 2002.256976514253 174.928556845359 1846.923116970493 1575.177450321074 1499.913664182042 705.8222155755655 2043.88771707254 1935.822564182988 1216.845101070798 1001.361073739138 1779.533646773783 1064.816416101856 1550.174506305661 1465.049145933337 1292.013157827737 2124.149241461155 1409.364395747246 2065.842443169372 296.379823874703 1666.285989858884 578.5162054774265 2489.048211666459
3496.432467530297 84.07734534343957 4137.891371217954 147.1393896956216 1981.61171776915 798.2361805881766 3424.600706651799 2311.616317644431 1460.04143776812 2090.506158804609 0.0 3369.228546715108 1029.723263794695 3051.86189071524 3063.27879893424 3447.162601328809 2744.297542177233 1678.971411311104 1660.260521725431 3043.001971737777 3499.100027149838 1876.680313745524 3278.452378790944 1627.285162471532 2497.543793409837 3831.466037954663 712.6324438306187 3511.693181358531 1503.008316676924 1575.493890816464 1692.5873684983 3424.358918104234 2109.93862469978 851.1556849366631 3004.796332532373 3594.419285503571 669.4833829155134 2331.423813895706 1637.678845195235 2830.877072569559 885.0836118695228 1934.520353989588 1655.988526530302 3029.500949001337 2582.784737449097 4132.038842992645 3736.248921043672 2024.599960486021 2863.783860559312 2397.547288376185 3812.757532285524 2987.366733429292 975.2948272189287 2478.767839068435 1088.99954086308 3056.511082917908 1901.44813234545 3314.815530312358 3649.149215913211 2122.123936060286 3309.407802009296 3045.651654408297 3198.367865021158 3306.1960014494 2128.403157298917 1455.772647084702 637.840889250603 2425.742978965414 3828.438454513798 558.5123096226259 3340.261816085679 2877.624367425325 3424.041179658913 3484.168767439373 905.0933653496749 3395.578890263043 591.52852847517 966.9565657256793 3728.823541011293 2009.581050866075 3422.332684003704 520.807066004293 3452.712701630415 2788.144364985429 480.6922092150028 1776.598153775918 995.8393444727919 3040.884739676925 3341.810886330943 1899.006582400388 1252.193675115795 627.6854307692668 1299.849991345155 1654.623219950693 3498.036592147086 393.5848066173286 2213.983965614927 3751.744261007138 2611.83249845774 1390.008992776666
365.3669388436781 3340.148799080664 1130.976569164897 3222.430914697784 1697.963486062053 2880.036805320377 220.5379785887229 1332.743411163604 1921.146012150039 1297.126439480747 3369.228546715108 0.0 2370.288800969198 1097.41605601522 692.3698433640795 997.9343665792857 632.0569594585602 3296.316732354462 2905.080033320941 707.9562133352599 259.2373429890069 2378.292664917419 544.6145425895272 3430.354209116021 911.0576271564823 1271.961084310365 2719.756239077319 706.8238818828917 3548.541249584116 2032.104820131088 1717.055910563194 116.2110149684616 2065.209916691279 3053.147392446031 380.5916446797013 511.825165461801 3131.364718457433 2026.000987166591 2517.471946219064 562.7379496710703 2539.496012991554 1766.237243407578 2751.790871414469 1213.415427625675 795.2773101252167 1178.460860614386 811.3796891714754 1811.630205091536 641.8979669698292 1087.589076811642 468.697130351787 1072.850875005469 3261.319518231846 902.6034566740813 2681.2305010946 596.3698516860154 1469.944896926412 195.143536915779 435.0781538988139 1363.484139988434 1182.433507644299 419.5294983669206 178.8463027294666 388.6142045782681 1355.708301958795 2016.6519283208 2859.914684042166 1971.339646027543 580.0362057665021 3008.346555834284 1212.512267979174 1470.212569664673 943.1887403908086 293.7362762751649 2472.788911330686 68.6804193347711 3334.719928269839 3364.865524801846 1229.296546810411 1359.748873873408 1353.651358363741 2861.661230823802 525.1152254505672 592.4407143335103 3262.282023369531 2755.532979298197 2511.637911801779 356.1811336946414 1337.965993588776 1853.347511936172 2594.44406376395 2741.594426606532 2359.204315018095 3012.059926362688 394.4172917101886 3298.242562335281 1161.269133319232 403.1128874149275 761.111030008106 3513.4507254265
2474.727055656846 1019.702407568012 3108.386880682648 884.2171678948561 984.5328841638557 590.8104603000864 2409.637317108116 1288.870823628187 566.2552428013361 1140.688388649591 1029.723263794695 2370.288800969198 0.0 2034.09562213776 2151.620087283069 2423.139286132764 1759.632063813342 1489.236381505636 1233.309774549768 2133.362838337633 2483.496124418156 1134.003968247025 2346.33075247289 1540.49505030039 1479.035158473253 2812.980270105 585.7140940766237 2597.926288407737 1545.411272121438 609.1050812462494 666.0825774631851 2434.73941110748 1242.222604849871 804.9149023344021 1997.605816971907 2644.605830743024 812.5429219432042 1457.568180223484 973.5594486213978 1819.649691561538 504.060512240346 948.3000579985219 1135.050659662378 2020.069800774221 1576.06757469342 3103.231380351778 2706.525817353309 1065.187776873167 1919.980208231324 1489.126253881785 2801.558494838186 1967.563467845447 1057.208588690047 1469.667989717406 577.4790039473297 2125.672128998261 904.734767763459 2335.083724409041 2682.652418782575 1248.118584109699 2296.57353463807 2079.085375832363 2205.232187321779 2351.047851490905 1098.680117231581 438.2145593199751 737.5208471629802 1537.387719477426 2806.621634634779 649.5367580052725 2329.133959221753 1894.789698093168 2398.272711765699 2465.9817517573 334.7416914577567 2391.219354220771 995.6003214141707 1142.91425750141 2710.786786156374 1025.694886406284 2420.711672215425 590.8113065945844 2425.020618469047 1805.542854656183 904.0912564558956 1240.974214075377 654.548699486906 2031.358658632197 2340.571297781804 934.1049191605833 648.0563247125978 437.9052408912229 478.8319120526534 1295.373305267636 2538.410920241244 931.1890248494126 1209.059551883198 2762.588098142754 1609.178983208518 1460.179783451339
869.5084818447718 3050.009836049714 1149.960868899459 2910.010481080781 1077.839505677909 2374.833467845693 935.6243904473632 746.9062859556077 1824.554740203757 1409.831550221515 3051.86189071524 1097.41605601522 2034.09562213776 0.0 1580.185432156619 412.2923719886168 1081.503582980657 2476.346098589614 2094.665605771002 1583.491079861203 968.7734513290504 1549.248204775465 1553.675963642355 2627.828000459695 857.913748578492 779.6415843193589 2552.593191246894 1777.569689210524 2783.865837284548 1489.037272871301 1415.402769532404 1213.593424504269 1201.313447856137 2490.882775242545 890.1640298282109 1608.494016152998 2620.658886616112 1078.781720275237 1756.007118436597 838.4032442685321 2397.934527880192 1132.969549458413 1953.239616636935 116.400171821179 934.8240476153788 1124.209944805684 803.5602030961961 1084.550598174193 1351.204277672329 1492.655352048824 1236.781710731526 73.60027173862879 2641.093144892849 953.6482580071124 2108.13021419456 1474.222846112486 1354.094531412043 1245.61832035339 1526.481247837654 1636.546669056523 270.8966592632696 1248.658880559459 1083.077097902084 1421.894862498631 976.6212162348307 1598.37448678337 2710.895424025058 996.7517243526595 1104.762417898075 2567.63646180685 308.4153044192198 394.8936565709811 407.0196555450363 921.3821140004835 2269.94735621776 1052.722660533153 2830.393082241405 2745.132783673679 677.1026510064778 1330.460446612375 437.3213921133975 2617.962757565508 699.8114031651671 1096.065691461967 2798.485661925035 1918.807963293878 2447.692178359036 868.2562985662702 370.5199049983685 1188.927668111059 1974.321655657963 2469.160586110187 1805.334595026639 2199.146425320515 1487.344277563201 2859.365314191245 1118.184242421614 1413.27775047936 961.0078043387578 2777.139895648039
1050.453711498036 3019.56453814122 1822.039516585741 2921.341643834216 1766.354437818186 2721.914767218107 903.8390343418456 1483.222505223003 1616.32484358807 1012.87758391624 3063.27879893424 692.3698433640795 2151.620087283069 1580.185432156619 0.0 1612.089637706291 568.5701363947987 3338.709930497108 2961.417565963976 22.13594362117865 951.262319236918 2489.299499859348 237.7162173685254 3452.277219459642 968.13325529082 1936.757341537654 2366.386697055238 449.1770252361534 3535.090522179029 1990.152255481977 1582.241764080319 640.4880951274582 2234.784105903745 2920.747335871421 693.0699820364463 568.9402429078119 2959.791377783238 2264.051236169359 2565.729720761718 760.9954007745382 2186.108871945768 1828.586886095381 2809.182265357661 1684.96439131514 813.0498139720592 1870.694523432407 1497.179014012686 1924.807522844817 279.6301128276424 668.2828742381478 1099.42757833338 1530.895489574648 3155.955164447049 891.0965155357752 2583.897250279121 108.0046295304049 1282.127138781486 505.0633623615952 672.2001190121882 941.7266057619908 1744.072532895349 337.0534082308025 571.1829829397931 348.8108369876143 1375.837563086573 1897.629310481897 2486.09734322693 2237.735462470933 1257.229493767944 2799.579432700562 1780.337608432738 1883.780507384021 1556.109571977501 982.3894339822675 2161.813359196395 760.1716911329966 3147.205268170476 3253.561740615967 1881.631738677896 1151.304043248351 1930.812264307434 2542.535938782381 1184.787744703666 532.0169170242616 3052.558926540158 2842.549911611052 2116.029536655857 721.2828848655706 1896.257630175816 1919.016675279295 2536.480238440663 2448.61185164166 2280.853568294116 3063.876139794166 516.1133596410773 3070.651396690937 1048.867007775533 871.6444229156749 765.4031617389622 3479.659753481653
671.3046998196869 3442.142501408098 740.0168916991017 3303.94007209574 1483.494860119171 2783.206244603515 789.2401408950257 1135.55272885058 2168.558276828179 1685.909250226714 3447.162601328809 997.9343665792857 2423.139286132764 412.2923719886168 1612.089637706291 0.0 1216.163229176084 2875.306766242517 2497.351597192514 1620.86304171574 790.5371591519275 1953.937818867325 1524.899996721096 3028.534464060133 1118.277693598509 408.7957925419487 2922.965104136551 1704.547153938547 3188.535086838468 1894.009767662247 1785.791141203248 1105.48450916329 1605.570615077394 2902.206746598181 940.17711097431 1492.565576448821 3030.154121492832 1468.285054068181 2165.510101569605 968.9112446452461 2761.967595754882 1540.657327247042 2358.294298852456 480.7514950574777 1146.11212365981 712.0653059937691 429.8395049317826 1496.565735275267 1435.219843787007 1690.380134762592 977.4343967755585 466.4011149214804 3053.378784232313 1198.081800212323 2518.962087844912 1504.370300158841 1683.686728581062 1181.397477566293 1382.35306633291 1882.318782778305 252.1785082040101 1277.049724952008 1052.023288715606 1374.87817642146 1340.436496071336 1991.414572609129 3080.038473785677 1379.688733011907 801.1772587885904 2972.317950691009 261.5205536855564 751.3880488802041 56.0357029044876 741.3568641349455 2642.497303688312 936.6803083229624 3240.104936572271 3157.401621586966 316.4127051810657 1637.928569871104 371.7324306540929 3000.781564859395 485.4739951840881 1214.706960546452 3205.786175027898 2319.081068009482 2798.209784844589 903.3327183269739 382.4264635194589 1599.266081676217 2386.251663173857 2854.564940582015 2213.87714202934 2600.819101744679 1386.204169666215 3265.137822512244 1412.15615283863 1215.740515077128 1157.124453116431 3184.510166414923
854.4196861027957 2712.973645282976 1633.862907345656 2597.900883405678 1221.651341422748 2293.438466582437 738.7563874512355 917.7673997260962 1290.910531369235 665.0751837198559 2744.297542177233 632.0569594585602 1759.632063813342 1081.503582980657 568.5701363947987 1216.163229176084 0.0 2816.693096522942 2432.51351486482 563.2139913034831 811.8152499183543 1941.262475813098 662.2816621347748 2938.348175421014 404.4675512324815 1596.316071459534 2088.312716046139 931.8411881860557 3035.84798697168 1490.592499645694 1125.591844320134 680.0683789149441 1673.278219543899 2478.041363658 321.4747268448952 907.3791930609826 2541.300651241407 1696.04245229888 2036.694626103776 250.0599928017275 1907.821794612904 1286.633591975587 2278.939446321468 1174.582904694258 249.0020080240318 1662.047532412957 1244.863446326544 1371.021516971926 295.2371927789587 500.7933705631496 1094.514047420133 1022.0591959373 2699.373445820344 341.2228011138763 2118.962246006285 482.8881858153086 854.9023336030848 575.4624227523461 927.1639552959336 752.1735172152765 1288.512708513191 337.0949421157191 456.2477397204286 616.000811687777 837.6138728555061 1437.05010351066 2227.913822390803 1669.175844541252 1162.84564753883 2405.004989599814 1327.798930561401 1342.261151937282 1163.412652501253 814.2954009448905 1844.340803647742 668.8385455399532 2740.041058086539 2800.784175905027 1520.697866112792 737.0108547368892 1478.681845428556 2233.489870135972 905.1154622477732 47.43416490252569 2659.94360842481 2303.364929836347 1880.213019846422 366.001366117669 1430.277245851307 1377.419689128916 2050.928570184735 2116.768291523661 1802.924568582946 2537.10642267919 791.0606803526516 2690.716633166711 561.1007039738945 1007.557442531194 200.9427779244629 2989.090831674407
3242.253691493002 1746.086481248853 3612.202098443552 1632.514931019009 1604.618334682737 1027.176713131679 3240.891389725981 1963.77009856042 1994.26427536573 2386.580189308543 1678.971411311104 3296.316732354462 1489.236381505636 2476.346098589614 3338.709930497108 2875.306766242517 2816.693096522942 0.0 391.7371567773473 3325.616033158368 3302.082373291133 934.2483609833095 3476.905664524133 159.6558799418299 2425.94517662704 3153.162380848788 1876.834036349512 3746.248256589517 356.79265687511 1355.283734130975 1789.698577973397 3393.944755001177 1277.517905941048 863.0370791570892 2927.339064748052 3710.119270320026 1023.875480710423 1410.503456216964 781.8522878395893 2752.753167285436 1905.883522149242 1537.172078851291 544.5410911951457 2394.726915537552 2574.0928499182 3575.680354841579 3279.529996813568 1485.563866011825 3066.429356760074 2751.138309863755 3619.649844943568 2442.437511994933 705.5388012008979 2475.602754886171 912.0619496503514 3278.560202283923 2092.331235727269 3340.242655856008 3699.163283771074 2585.019342287404 2651.117688824847 3151.571195451564 3174.415536756333 3427.255607625436 1979.356713682503 1496.281056486381 1959.252918844323 1504.830887508626 3539.374238477757 1208.218937113634 2664.839582413921 2132.405449252088 2879.996006941676 3266.377351133821 1760.675154592692 3288.498897673527 1097.663427467637 736.4835368153181 3057.778605458544 2219.762374669865 2674.011967063723 1713.36306718687 3116.390540352733 2863.02113160207 1198.280434622881 557.8548198232224 2080.953867821197 2943.598647913808 2603.172871708677 1447.631513887426 867.4399114636126 1618.800790708974 1115.717258090059 284.5294360870242 3586.394428949498 1286.230150478521 2289.866808353709 3694.285857916249 2620.511782076165 415.7403035549958
2851.40404011778 1714.029171280349 3236.178301639142 1582.101450602963 1216.056742097177 900.1877581927006 2849.225333314303 1572.394670558254 1687.004445755849 2027.764532681248 1660.260521725431 2905.080033320941 1233.309774549768 2094.665605771002 2961.417565963976 2497.351597192514 2432.51351486482 391.7371567773473 0.0 2948.936757544997 2910.560427134266 546.6278441499298 3093.901258928604 535.0140185079266 2038.950710537163 2787.977941089205 1704.001173708516 3363.459231208251 693.0461745078751 993.3579415296382 1434.793713395762 3003.180480757026 893.4304673560221 809.9117235847374 2536.958809283272 3322.283702515485 993.7932380530671 1042.348310307068 396.1073086929854 2363.109815476208 1698.458713068999 1149.067447976837 153.9512909981595 2016.658870508347 2188.38387857341 3201.959400117372 2896.638223872633 1093.955209320747 2687.137696509057 2388.700902164187 3228.479673158869 2058.388933122213 768.6410085338929 2091.292662445886 687.4190861475989 2898.417671765062 1732.896996361873 2950.937647596099 3309.381362127973 2238.50686842815 2278.405802310027 2766.252519203552 2784.403706361561 3040.909896724992 1594.937302842967 1158.345803290192 1811.181382413148 1140.323638271171 3150.149837706137 1124.889772377721 2294.007846542814 1761.0 2499.975399878967 2875.025739015218 1539.371625047052 2896.920606437118 1134.005731907912 844.4228798416111 2690.859342291975 1857.570725436854 2311.552292291914 1574.206149143117 2727.196362567243 2478.530209620209 1198.302966699157 185.9247159470736 1867.539825545897 2552.768105410282 2238.558688084813 1058.996222845011 585.2606257044805 1454.365153597954 800.1931016948347 107.2240644631605 3198.097715830459 1288.357869537808 1913.792047219342 3302.733716181188 2235.146527635269 703.4841860340572
1064.592410267892 2999.083193244229 1838.260590884764 2901.182689869771 1755.7773207329 2704.487012355578 918.1007569978362 1475.870251749794 1596.923291833393 995.2532341067774 3043.001971737777 707.9562133352599 2133.362838337633 1583.491079861203 22.13594362117865 1620.86304171574 563.2139913034831 3325.616033158368 2948.936757544997 0.0 966.5412562327591 2478.751701966133 259.8326384425175 3438.597970103513 960.8100748847297 1948.267178802743 2345.651295482771 468.9840082561451 3520.494425503327 1976.171045228626 1566.6719503457 658.3167930411619 2226.263686089319 2903.748783899875 698.0916845228855 591.0744453958401 2941.952582894565 2257.570818379791 2553.379133618821 760.8758111544879 2165.45099228775 1817.701845738184 2796.850550172461 1687.57962775094 806.0893250750812 1886.415648790054 1511.001323626158 1915.171532787599 271.4498111990502 648.8204682344724 1118.540566988967 1533.435684989755 3139.418576743152 882.302102456976 2567.907513910889 117.085438889727 1266.001579777845 522.0737495795015 694.0871703179652 921.2258137937733 1750.170563116635 344.3268795781125 583.2495177880561 369.0541965619684 1365.039559866306 1881.879114077203 2465.045638522744 2232.188612102481 1274.795669901651 2781.085579409595 1786.644900364927 1883.832529711704 1564.919486746842 997.0160480152764 2141.833093403872 775.5056415010789 3128.962927233239 3236.846922546693 1892.274821478107 1135.089864283881 1937.316184828899 2522.235714599252 1196.844183676388 527.8825626974242 3033.929794837053 2830.989226401259 2094.831019438083 727.332798655471 1901.956098336657 1908.042190309219 2521.458704797681 2428.774588141106 2265.592417007084 3051.201894336066 537.8187427005496 3051.683142136483 1035.777968485524 892.6018149208526 758.6329810916475 3464.601853027271
120.6192356135621 3475.218842029952 874.9537130614397 3351.960769460168 1728.575135769342 2964.326567704712 75.0 1349.984073980134 2071.560281526946 1463.836397962559 3499.100027149838 259.2373429890069 2483.496124418156 968.7734513290504 951.262319236918 790.5371591519275 811.8152499183543 3302.082373291133 2910.560427134266 966.5412562327591 0.0 2371.957841109323 798.6344595620702 3442.3924819811 1004.50286211638 1026.304535700783 2871.803962668761 933.1345026307837 3572.629983639504 2092.107549816692 1819.699150958751 338.7107910887989 2043.152466165949 3126.087810666872 504.3352059890327 705.844883809467 3217.224424873092 1976.632489867553 2532.516732422513 669.3414674140547 2693.798062216246 1796.425896050266 2759.218186370915 1084.277178584886 919.4617990977113 920.435766362868 555.2089696681782 1820.320850839214 880.366400994495 1297.789659382444 324.7845439672276 960.287977640041 3322.119353665669 1021.199784567153 2746.984710550825 853.8998770347728 1600.035624603402 452.5538641974014 591.8183843038336 1562.527759753407 1002.084327788834 664.0368965652435 405.7708713054697 642.1253771655502 1422.103020178215 2104.258776861819 3017.027013468723 1911.397394578113 351.2292698509052 3108.621076940707 1027.284770645414 1359.500275836677 738.8863241392413 49.64876634922564 2614.487521484851 191.0942175995914 3424.000146028034 3426.691115347282 991.5452586745599 1501.611467723925 1158.650939670788 3000.916026815812 305.1327579923205 780.3294176179699 3360.072618262885 2751.530846637922 2679.565076649567 463.9148628789554 1154.300220913086 1879.052154677991 2647.504485359751 2873.673607075097 2424.18171761112 3017.762913152721 607.9777956471765 3401.884183801676 1286.586957807361 444.9629198034371 895.4831098351325 3545.435939345118
2309.491935469791 1910.169102461874 2693.571606621959 1765.431675256791 722.9744117186998 1080.907026529109 2312.293450235069 1049.131545612846 1428.135147666354 1622.542757525977 1876.680313745524 2378.292664917419 1134.003968247025 1549.248204775465 2489.299499859348 1953.937818867325 1941.262475813098 934.2483609833095 546.6278441499298 2478.751701966133 2371.957841109323 0.0 2602.882440679947 1081.466596802694 1539.465491656114 2255.532088000523 1701.308320087808 2872.0146239182 1234.7926951517 650.0353836523055 1067.462879916674 2479.764706580042 348.3676219168481 1099.831350707916 2017.182688801389 2812.720569128757 1271.726778832623 522.2451531608504 251.6445906432324 1848.320859591213 1638.048839320733 661.9259777346708 404.357515077932 1473.718087016645 1693.116062176483 2661.082862294972 2350.464847641845 573.0270499723377 2210.80641395849 1965.480602804312 2687.66087890567 1512.020171823114 1171.399590233837 1602.70178136795 787.6807729023224 2417.854627557248 1335.746233384171 2435.811363796466 2791.030813158465 1860.436776673693 1739.662323555925 2268.605959614847 2266.054280020671 2538.144400935455 1113.856813059919 871.0298502347666 1839.266158009764 623.9294831950162 2605.135313184327 1319.124330758856 1757.05719884129 1225.38361340439 1955.236302854466 2335.250950112214 1468.731765844261 2366.530160382496 1460.152389307363 1268.058358278514 2156.868563450263 1447.655000336752 1783.681585933992 1635.651857823052 2182.15352347171 1985.761818547229 1479.594539054534 379.5918861092792 1783.894896007049 2029.935220641289 1708.511925624167 572.5251086197006 624.5702522534995 1489.109801189959 660.1492255543438 652.4791184398165 2686.91961174874 1561.786156936986 1458.216033377771 2772.210670205279 1740.878513854427 1232.365205610739
