0.0 312.0 750.0 1062.0 2062.946678903747 1481.434777504565 1000.024499699882 252.63412279421 5440.583516498943 5736.213820979829 6328.708320028662 6625.462172558228 6922.495864931954 6464.452722388803 6563.04228235656 5497.740353999996 5613.33448139339 4456.043536591626 4278.261796571126 3929.112367952843 3758.340591271632 2562.996098319309 2728.360130188095 2329.280790286993 2133.201584473441 2317.466073106573 1300.018846017241 1600.015312426728 1900.012894693086 2191.950957480573 1937.691667938942 1698.425447289341 2728.488409357826 2456.552258756162 2200.01113633545 2400.010208311623 2747.826231769396 2534.866663160017 2905.847380713585 3093.371784962163 4163.70616158249 4281.185466666914 4440.872549398372 4603.7103514448 4769.376164657177 5890.666261128702 6164.750522121719 6441.145006906769 6719.564643635777 6999.767781862482 7281.548530360833 5892.813334902099 5996.872017977372 5085.395658156796 3481.77382953 3821.508079279697 4194.967103565891 4048.116722625473 3146.593237137587 3892.434842100764 3524.87219626471 4033.057029103357 5532.144611269666 5670.781251291572 5255.275825301655 4998.044517608861 5963.507692625205 5810.29844328155 5950.634251909623 6091.732101791739 6233.540246120177 6376.011292336299 6519.101778619505 6662.771795581776 6806.984648138998 6951.70655307026 7096.906368270615 7242.555350150939 7388.626936041635 7535.096548817407 6796.796966218721 6849.023580044092 6219.539693578618 6819.701166473499 7426.893630583381 7626.739080367179 7683.415516552518 8255.233128143625 8924.397682757084 8200.409989750513 8469.266438127921 7681.941421281472 7829.140438132401 7976.673993589057 8124.52386297191 8272.67308673563 8421.105865621214 8569.807465748574 8718.764132605033 8867.963013003606 9211.989415973077 9520.905891773114 9659.862783704539 10439.27435217602 11297.84156376783 11206.28288059872 11116.15940871666 11027.50633642983 10940.35940908707 10854.75490280642 10770.72959460036 10688.32072872067 10607.56597905476 10528.50340741741 9160.232748134733 9177.859009594777 9198.097629401418 9220.931406316826 9246.341114192142 9274.305580473398 9304.801771128712 9337.804881234133 9373.288430428245 9411.224362430215
312.0 0.0 438.0 750.0 1794.062707934146 1268.842385798961 1049.648036248342 553.1148162904335 5748.048451431147 6044.126156856754 6637.33839727944 6934.382524781857 7231.670692170655 6768.047059529064 6862.276298721876 5798.142892340616 5907.862219111072 4736.922629724914 4556.406039852023 4200.670898797001 4025.920515857212 2811.238339237711 2962.779269537304 2526.907398382457 2347.394513071887 2472.238054880638 1338.566770841111 1631.49042289558 1926.593107015594 2054.254365944003 1780.438429151651 1516.562230836572 2619.152725596581 2334.515153088538 2223.00719746923 2421.10739125715 2917.235163643822 2717.583669365122 3126.989126939843 3301.978346385694 4410.27901611678 4531.695157443845 4696.153851823852 4863.276776001958 5032.798525671378 6175.764001319999 6452.244648182522 6730.740003892588 7011.00998430326 7292.849991601363 7576.084806811497 6156.31066467572 6257.234692737679 5330.305901165523 3599.675124229963 3925.256169984324 4293.327497408042 4093.184701427484 3125.501719724371 3875.40462403605 3501.604774956762 3957.936457296908 5394.398576301161 5536.485527841647 5167.74960693724 4920.219608919911 5926.140059094115 5679.302774108808 5822.796578964441 5966.918132503579 6111.623025023713 6256.870783386852 6402.624461890608 6548.850280774481 6695.517306377455 6842.59716774267 6990.063805145129 7137.893246609955 7286.063409002148 7434.553920713737 6751.337719296821 6818.800187716311 6190.023101733951 6803.119578546301 7570.97490419827 7791.178408944311 7852.629241215964 8449.957751373671 9113.384991319088 8350.76259990667 8574.088056464081 7583.345963359446 7732.422130225432 7881.766299504192 8031.363520598479 8181.19991199335 8331.262569382867 8481.539482900494 8632.019462443304 8782.692070202622 9303.422004832415 9657.171480304158 9820.440977878743 10628.47877167754 11485.12672981887 11390.80084980859 11297.84156376783 11206.28288059872 11116.15940871666 11027.50633642983 10940.35940908707 10854.75490280642 10770.72959460036 10688.32072872067 9132.875560304105 9145.233949987283 9160.232748134733 9177.859009594777 9198.097629401418 9220.931406316826 9246.341114192142 9274.305580473398 9304.801771128712 9337.804881234133
750.0 438.0 0.0 312.0 1446.115140644064 1057.189197826009 1254.212501930993 987.0785176468993 6180.44893191425 6477.047861487516 7071.106631921201 7368.497065209431 7666.09085518819 7195.460304942277 7284.16254623687 6221.788247762856 6324.161920760726 5137.297343934843 4953.687919116423 4590.57991979227 4411.419726119926 3178.749596932731 3313.525162119642 2839.198654550259 2680.680697136457 2735.168916173186 1504.343378354822 1770.04208989504 2045.250351424001 1930.712044816627 1636.352345920646 1344.488378529171 2523.42009978521 2226.577867490827 2326.596011343611 2516.5549864845 3191.559023424132 3010.157637068198 3461.13406270257 3620.006767949475 4769.376164657177 4895.308876873859 5065.259025953164 5237.332240750055 5411.325992767392 6580.117704114418 6859.456902700096 7140.472603406584 7422.974403835702 7706.798881507159 7991.805115241487 6533.433171005884 6630.269526949866 5685.221983352981 3802.400426046684 4106.63170980793 4464.66672888358 4194.967103565891 3148.261266159465 3893.783378669132 3515.711023391997 3892.434842100764 5226.387279947784 5372.919132091976 5074.783148076379 4842.876108264592 5901.179882023594 5519.969927454315 5667.499272165811 5815.470746207911 5963.851440134974 6112.611553174306 6261.724043743863 6411.164324832112 6560.909997858529 6710.940619615108 6861.237497711328 7011.783510634081 7162.562949112559 7313.561375964517 6711.516147637582 6800.339991500425 6175.003967610061 6803.956496039639 7789.849099950525 8036.799673999595 8104.497146646422 8734.808183354686 9389.774970679542 8576.550821863064 8737.933050784952 7464.765502010093 7616.163075985178 7767.742786678766 7919.494175766531 8071.407560023221 8223.473961775522 8375.68504660962 8528.033067478103 8680.510814462476 9447.684848681183 9861.954623704167 10057.8799455949 10903.62091233917 11756.98617843876 11658.99978557337 11562.2878358913 11466.88257548668 11372.81688940783 11280.12429009539 11188.83890312127 11098.99545003961 11010.62922815949 10923.77608704975 9112.374224097692 9117.269108675031 9124.828765516644 9135.046578972655 9147.913641918576 9163.418794314706 9181.54867111208 9202.28775903036 9225.618461653397 9251.521172218112
1062.0 750.0 312.0 0.0 1233.758890545475 1000.480384615311 1463.817270016992 1297.858235709894 6488.918322802345 6785.827952431449 7380.39707603866 7677.998502213972 7975.779648410556 7500.6640372703 7585.798310000076 6524.719227675625 6622.411645314719 5426.042388334246 5240.642708676103 4873.308527068649 4691.645340389659 3450.588500531467 3575.130906694187 3080.383255375863 2934.920952938937 2947.958785329266 1683.080806140929 1924.2559601051 2180.082796592827 1900.252877908622 1600.300284321664 1300.369562855114 2500.1921926124 2200.218398250501 2445.968315412119 2627.310602117686 3407.896858767882 3238.635669537406 3712.352488651906 3860.901578647143 5032.798525671378 5161.372007518931 5334.544122978083 5509.533646326157 5686.172790199045 6870.666707096189 7151.745311460692 7434.302993556289 7718.177310738592 8003.22816118596 8289.33417108998 6806.516069179592 6900.651128697928 5944.801174135263 3970.032871400437 4258.654247529376 4608.270933875307 4293.327497408042 3201.134330202342 3936.656068289431 3558.754838423125 3875.40462403605 5126.210686267196 5275.525755789654 5030.818621258373 4811.399068877991 5903.1886298847 5425.21704634939 5575.254254291906 5725.610185822992 5876.260375442872 6027.182758138333 6178.357386878813 6329.766188414861 6481.392751561966 6633.222143121697 6785.240747386934 6937.436125832079 7089.796894128915 7242.3126140757 6700.489608976347 6804.376238862751 6183.234266951237 6821.725294967542 7956.799670721892 8221.524250405153 8293.357944765195 8945.26612236886 9593.997394204358 8747.213041877967 8866.001691856369 7394.973698398122 7547.771326689754 7700.69737101777 7853.744329935881 8006.905269828037 8160.173772659501 8313.543889341056 8467.010098021616 8620.56726671743 9561.362925859472 10016.95867017529 10235.08969183954 11105.99212137304 11956.65655607787 11856.21541639658 11756.98617843876 11658.99978557337 11562.2878358913 11466.88257548668 11372.81688940783 11280.12429009539 11188.83890312127 11098.99545003961 9110.593614029769 9110.148407133662 9112.374224097692 9117.269108675031 9124.828765516644 9135.046578972655 9147.913641918576 9163.418794314706 9181.54867111208 9202.28775903036
2062.946678903747 1794.062707934146 1446.115140644064 1233.758890545475 0.0 725.4309064273455 1825.171224844398 2228.929115068489 7175.043553874778 7475.041805903162 8075.038699597668 8375.037313349714 8675.036022979963 8118.65136583657 8152.645276227833 7121.270953980054 7160.001745809843 5889.874786444954 5693.033022914939 5300.058961936178 5103.981289150657 3855.191305240247 3905.124837953327 3324.154027718932 3265.348373451139 3054.914074078025 1853.712491191663 1929.054172386043 2046.032746561012 1175.265927354316 957.2094859538323 794.5124291035352 1688.564479076828 1423.464084548676 2198.010464033327 2315.437323703667 3492.849839314596 3400.367627183861 3970.201506221063 4049.691346263317 5312.720583655798 5455.501810099599 5646.459067415613 5838.021925275718 6030.132668523968 7325.042661991806 7619.137090248475 7913.67487328106 8208.608286427121 8503.896165875969 8799.50282686471 7115.124735378853 7187.532608621682 6174.544517614235 3780.21163428716 3982.226136220795 4278.142120126446 3790.118731649445 2593.260495977988 3242.298567374695 2887.148246973127 2983.286778035259 3996.013638615364 4149.3446470497 4029.965880748868 3848.538683708402 5015.787575246783 4302.867532239402 4456.562464501087 4610.412237533646 4764.401851229596 4918.518171156838 5072.749648859088 5227.086090739275 5381.518466009385 5536.038746251692 5690.639770711198 5845.315132651104 6000.059083042433 6154.866448591716 5764.655236872367 5910.213617120789 5309.955272881308 5968.301684734109 7646.649593122467 7991.010574389199 8081.962942256046 8835.61684320908 9444.872947795538 8443.821705839127 8377.23850681118 6309.732561685954 6464.653200288473 6619.624536180281 6774.64309022992 6929.705693606331 7084.809454036149 7239.951726358401 7395.130086753038 7550.34231012078 9008.676373363625 9630.420551564714 9947.172965219817 10934.46386431452 11765.55247321604 11653.3497759228 11542.16483160763 11432.02733551665 11322.96785299685 11215.01783324485 11108.20962171672 11002.57647099078 10898.15254985908 10794.97295040613 8180.331594746022 8165.405133855882 8153.436637394075 8144.439145822135 8138.422512993535 8135.393352506073 8135.355001473506 8138.307502177588 8144.247601835298 8153.168770484271
1481.434777504565 1268.842385798961 1057.189197826009 1000.480384615311 725.4309064273455 0.0 1100.0 1601.756847964135 6450.193795538239 6750.185182644992 7350.170066059696 7650.163396947806 7950.157231149583 7393.66282704317 7429.712309369725 6396.581118066119 6438.215979601803 5172.583977085341 4976.507309348595 4585.370759273453 4390.401462281097 3137.873483746596 3197.068970166268 2625.119044919677 2552.694654673763 2381.438640821972 1140.175425099138 1252.996408614167 1421.267040355189 900.0 600.0 300.0 1500.0 1200.0 1627.882059609971 1780.449381476486 2831.298288771425 2718.685344058779 3274.331992941461 3368.419510690437 4620.200212112025 4760.908526741508 4949.368646605342 5138.701197773617 5328.813188694083 6610.975722236469 6903.984356876832 7197.569034055873 7491.662031885849 7786.205751198719 8081.150908131836 6422.713600963381 6499.471132330691 5495.566394831382 3217.335854398791 3460.22036870486 3785.003302508467 3387.661435267698 2245.272811931771 2965.004215848605 2589.522156692234 2875.108693597514 4169.60729565747 4315.87314456762 4034.306012190944 3811.823710509183 4905.16309616714 4462.798337366366 4610.319837061199 4758.382183053396 4906.936416951008 5055.939180805086 5205.351957360808 5355.140427663872 5505.273925973166 5655.724975633098 5806.468892537013 5957.483445214095 6108.74856251262 6260.246081425234 5700.219294027204 5806.515736653092 5186.822244881735 5828.432465080126 7161.180070351534 7470.107094279171 7553.020918811228 8267.292483032157 8893.291010643923 7957.268689694976 7986.903342347396 6411.959528880388 6563.873932366465 6715.975655107752 6868.252252210893 7020.692344776261 7173.285509444051 7326.022181238602 7478.893567901605 7631.891574177401 8657.078028988764 9187.287412506479 9456.479260274407 10394.52981139599 11234.88873999204 11127.50021343518 11021.27347451283 10916.24243959431 10812.44195360142 10709.90779605501 10608.67668467656 10508.78627625474 10410.27516447092 10313.18287436037 8111.123534998095 8110.027188610406 8111.931274363707 8116.833680691012 8124.728980095275 8135.608459113553 8149.460166170517 8166.268976711458 8186.016674793669 8208.682050122297
1000.024499699882 1049.648036248342 1254.212501930993 1463.817270016992 1825.171224844398 1100.0 0.0 927.6987657639736 5350.233639758174 5650.221234606659 6250.199996800103 6550.190836914601 6850.182479321263 6296.923852167819 6339.213279264234 5301.061214511676 5351.226494926186 4098.856547867954 3905.204860183394 3520.031960082181 3328.757275621039 2071.53324858666 2160.150457722795 1629.800601300662 1510.380746699321 1485.345077751295 300.0 600.0 900.0 1421.267040355189 1252.996408614167 1140.175425099138 1860.107523773827 1627.882059609971 1200.0 1400.0 1944.543648263006 1776.583800443987 2272.938626536141 2406.501610221776 3611.267090648378 3745.831015942924 3926.989941418236 4109.896592373098 4294.327654010579 5543.013620766234 5833.095233235953 6124.13259164104 6415.99563590874 6708.576600144028 7001.785486574121 5404.28071069592 5490.275493998457 4511.790110366394 2560.517525813873 2878.910384155784 3245.188746436792 3054.709478821186 2157.834562704008 2899.353376185801 2535.867701596438 3087.272258807117 4673.395446567731 4804.348134762925 4317.479009792636 4049.691346263317 4977.511928664762 4936.756931427757 5070.507765500414 5205.497190470858 5341.631305135164 5478.824782743102 5617.0 5756.086257171621 5896.019080701825 6036.739600148411 6178.193991774619 6320.332981734427 6463.111402412927 6606.48779609862 5814.851674806504 5858.380748978338 5229.065404066007 5823.712304020521 6543.1261641512 6783.251432757008 6850.410571637294 7485.193718268085 8137.60560607357 7327.559279869389 7525.996611745185 6750.424060753517 6894.885133198377 7039.838705538643 7185.254971119675 7331.106396718029 7477.367518050721 7624.014756019298 7771.02625140335 7918.381715982124 8253.787009609588 8622.137206052801 8805.963888183962 9650.971453693146 10503.7005383817 10405.26121728811 10308.242769745 10212.6856898663 10118.6313797865 10026.12213171174 9935.201105161384 9845.91229902034 9758.300518020544 9672.411333271553 8167.210356051814 8187.108219634085 8209.922594032176 8235.629241290553 8264.201171317165 8295.608778142807 8329.819986050119 8366.800403977617 8406.513486576941 8448.920700302495
252.63412279421 553.1148162904335 987.0785176468993 1297.858235709894 2228.929115068489 1601.756847964135 927.6987657639736 0.0 5195.00962463016 5491.186119592014 6084.663096671828 6381.859055165665 6679.305727394128 6215.555083819948 6312.091570945403 5247.201635157544 5361.203223158025 4203.867267171979 4026.474885057648 3678.654645383282 3508.91721190455 2321.233508288212 2492.614089665707 2114.976359205937 1910.006544491406 2130.874233736004 1220.911544707478 1516.781131211751 1814.007993367174 2235.089483667265 2001.405755962543 1787.631114072476 2741.464024932664 2483.067659166782 2112.019176049308 2310.979229677324 2549.142012521076 2328.760399869424 2676.401502017214 2870.213406699927 3921.17648161875 4037.093632800706 4195.0119189342 4356.388986305057 4520.854454635761 5638.095866513801 5912.116795192734 6188.547891064592 6467.080098467933 6747.453223253941 7029.446991051287 5644.078755651803 5749.021655899376 4843.100762941031 3314.07981195384 3662.308015445998 4038.33195762805 3930.092238103325 3083.930122424955 3822.384726842655 3461.574786134195 4009.130204919765 5556.977595779922 5692.269846028033 5237.604414233668 4972.989543524096 5903.388857258176 5828.597086778258 5965.888366370929 6104.078636452843 6243.108200247694 6382.922214785325 6523.4702421334 6664.705844971704 6806.586222182159 6949.071880474399 7092.126338412198 7235.715859540092 7379.809211626002 7524.377449330941 6741.707869672195 6781.777053250866 6152.743290598105 6741.84692795676 7235.891444735748 7423.484693861771 7477.382563437556 8035.001555693689 8706.965602320937 8005.154589388015 8302.484567886893 7669.393717889309 7814.833075632518 7960.672333415061 8106.88990920686 8253.465696299949 8400.380943742968 8547.618147764908 8695.160953081891 8842.994063098764 9053.624964620525 9333.57514567703 9457.966219013473 10221.33186037906 11080.73102281614 10990.65675926603 10902.07062901355 10815.00920018102 10729.50958804735 10645.60942360746 10563.3468181254 10482.76032350258 10403.88888829557 10326.77180923448 9088.245155144088 9109.984412719925 9134.336538577938 9161.280696496533 9190.794089740015 9222.852053459384 9257.428152570237 9294.49428425237 9334.020784206557 9375.976535806816
5440.583516498943 5748.048451431147 6180.44893191425 6488.918322802345 7175.043553874778 6450.193795538239 5350.233639758174 5195.00962463016 0.0 300.0 900.0 1200.0 1500.0 1089.151045539598 1325.943060617612 579.8706752371601 952.9559276272959 1730.065027679596 1892.914419618594 2236.766639593858 2415.186328215693 3441.83817167513 3499.464244709467 4081.206929328627 4031.904016714684 4468.920451294697 5361.436374704077 5389.341332667657 5433.691194758863 6519.585876418839 6482.669203345177 6459.489143887464 6633.626459185051 6570.007610345669 5494.087731370878 5543.013620766234 4222.706478077775 4145.027141045038 3573.688570650778 3663.502422545944 2705.780848479788 2589.642832515712 2440.542972373156 2299.184638083684 2167.083293276934 1500.0 1529.705854077836 1615.549442140351 1749.28556845359 1920.937271229855 2121.320343559642 2314.357362206623 2457.76829664637 2684.445939109223 4778.728910494924 5014.042780032894 5185.195271154212 5806.138992480287 6124.234646059865 6428.938481584654 6312.93315345569 7105.015833902132 8854.836249191738 8925.517407971372 8065.551748020715 7770.778596768795 7953.183324933482 8998.34812618405 9073.276640773167 9150.251417310892 9229.22125642245 9310.135391067093 9392.943574833183 9477.596161474701 9564.044175974932 9652.239377470909 9742.134314409754 9833.682372336418 9926.837814732344 10021.55581733695 8678.27747885489 8506.06401339656 8031.850658472181 8290.845855520412 6057.43344990269 5784.678037713075 5724.563302121831 5583.065913993852 6225.200799974246 6481.946081232087 7555.006618130788 10117.79249638971 10215.50493123076 10314.65118169296 10415.19030070982 10517.08234255109 10620.28836708307 10724.77044043368 10830.49163242371 10937.4160111061 8381.527307120105 7788.533238036543 7416.872656315463 7476.379471375166 8266.875165381414 8243.31007544906 8222.637593862446 8204.879584734928 8190.05500592029 8178.179809713161 8169.266858170322 8163.325854086678 8160.363288481708 8160.382405255283 10318.17934521396 10414.3862517193 10512.02782530564 10611.06446121217 10711.45746385617 10813.16905444468 10916.16237512066 11020.40148996397 11125.85138315266 11232.4779545744
5736.213820979829 6044.126156856754 6477.047861487516 6785.827952431449 7475.041805903162 6750.185182644992 5650.221234606659 5491.186119592014 300.0 0.0 600.0 900.0 1200.0 849.2643875731515 1137.156541554416 686.476510887299 1021.334910790775 1976.897822346921 2148.98231728416 2505.618686073362 2688.517249340238 3736.475612124345 3789.623991902099 4373.928440201097 4327.961413876053 4759.858191164943 5660.830327787612 5687.266478722445 5729.310604252487 6816.524040887702 6781.224078291471 6759.067983087609 6925.67686222798 6864.765108872991 5786.622503671723 5833.095233235953 4506.245665739941 4433.53696274205 3858.270337858663 3941.605003041274 2947.244475777332 2825.110617303329 2666.692708206178 2514.209617354925 2368.807716974934 1529.705854077836 1500.0 1529.705854077836 1615.549442140351 1749.28556845359 1920.937271229855 2387.729046604744 2524.009706795915 2855.039404281489 5042.940610397866 5269.309727089498 5429.663893833577 6062.693295887563 6405.563987659479 6697.480869700189 6588.484271818519 7379.447811320302 9124.315042785403 9192.924507467686 8326.351241690443 8032.745483332582 8190.123625440583 9263.653113108241 9336.45269896442 9411.275205836879 9488.072775859173 9566.7978446291 9647.403225739039 9729.84218782607 9814.068524317527 9900.036616093903 9987.701487329305 10077.01885480026 10167.94517097727 10260.43766123064 8905.195112966363 8726.289303019927 8261.998850157266 8506.06401339656 6165.427803486145 5867.069114984073 5800.05387906009 5607.194039802796 6234.831593555675 6559.010977273937 7665.384856613528 10354.45435549358 10449.9541147318 10546.89665257037 10645.24255242688 10744.95328049406 10845.99119490699 10948.31955141975 11051.90250590368 11156.70511396622 8486.45980371085 7845.141808788418 7443.117626371358 7447.23102904697 8224.12457347285 8206.141663412836 8191.090830896701 8178.98826261537 8169.847060992023 8163.677173921075 8160.485340958588 8160.275056638716 8163.046551380189 8168.796790225596 10504.46690698771 10603.3976158588 10703.68763557682 10805.29911663717 10908.19513026788 11012.33966966148 11117.69764834428 11224.23489597398 11331.91815183996 11440.71505632406
6328.708320028662 6637.33839727944 7071.106631921201 7380.39707603866 8075.038699597668 7350.170066059696 6250.199996800103 6084.663096671828 900.0 600.0 0.0 300.0 600.0 575.5432216610669 950.3288904374107 1131.923142267177 1361.295339006198 2505.618686073362 2688.517249340238 3060.739289779513 3249.32685336517 4327.961413876053 4373.928440201097 4961.980451392367 4921.508914956876 5344.740405295658 6259.792328823697 6283.709095749102 6321.787721839448 7411.140263144397 7378.685519792803 7358.328614570023 7511.657606680432 7455.534856735632 6373.774391990981 6415.99563590874 5079.000886001104 5014.603673272694 4433.53696274205 4506.245665739941 3457.781080404021 3327.348794460839 3156.144800227011 2988.519700453721 2825.110617303329 1749.28556845359 1615.549442140351 1529.705854077836 1500.0 1529.705854077836 1615.549442140351 2632.726723380154 2751.476876152151 3252.883336364832 5582.226258402646 5792.721726442588 5933.906807492009 6586.823969106811 6972.893947278992 7241.978320873379 7145.49683367084 7933.867278950411 9668.667178055102 9733.440347585225 8855.400894369492 8564.1695452624 8675.720431180342 9800.268822843585 9869.110851540781 9939.92459729952 10012.66822580275 10087.29998562549 10163.77828368958 10242.06175533032 10322.10932900829 10403.88028573955 10487.33431335151 10572.43155570184 10659.13265702233 10747.39880157055 9371.365962334414 9180.311813876477 8735.02289636381 8951.152160476326 6418.138359368704 6073.096409575596 5993.381766582203 5702.685770757495 6297.072732627439 6750.601825022714 7915.688536065577 10837.19174878806 10928.47386417701 11021.20814611538 11115.35824883751 11210.8885018093 11307.7639257282 11405.95024537631 11505.41389955181 11606.12204829848 8723.531395025755 7991.010574389199 7531.268153505092 7425.042087422805 8171.060212726376 8164.432680841946 8160.782376708743 8160.113295782112 8162.426171182194 8167.718469682951 8175.984405562427 8187.214972137961 8201.397990586727 8218.518175437712 10892.28281858307 10996.23758382839 11101.41112651901 11207.76913573794 11315.27821133886 11423.90585570452 11533.62046367055 11644.39131084146 11756.18854050921 11868.98314936878
6625.462172558228 6934.382524781857 7368.497065209431 7677.998502213972 8375.037313349714 7650.163396947806 6550.190836914601 6381.859055165665 1200.0 900.0 300.0 0.0 300.0 637.3774391990981 989.0020222426241 1398.660073069937 1590.007861615785 2780.849690292519 2967.006066727873 3344.117970407145 3534.561500384454 4624.527002840398 4667.574316494596 5257.019117332559 5218.836077134441 5638.372992273569 6559.344479443049 6582.172893505609 6618.534581008095 7708.761249383717 7677.564718060018 7658.002350482794 7805.44681616626 7751.451476981585 6668.208155119334 6708.576600144028 5367.611200524867 5306.717441130628 4723.4785910386 4791.789853488986 3723.069969796431 3589.74233058586 3414.125070936916 3241.334601672589 3071.847978009328 1920.937271229855 1749.28556845359 1615.549442140351 1529.705854077836 1500.0 1529.705854077836 2795.755711788854 2905.275374211539 3473.650817223861 5856.300026467224 6059.754532982339 6192.434900747847 6853.557470394481 7258.529465394488 7517.396490807173 7426.514996955167 8213.479774127407 9943.245194603218 10006.24110243202 9123.219004276943 8833.17609922954 8923.739406773373 10071.25955379961 10138.26163600052 10207.20828630434 10278.06037149033 10350.77876297238 10425.32440742253 10501.65839284444 10579.74201008701 10659.53680982434 10741.00465505904 10824.10776923438 10908.80878006394 10995.07075920842 9610.020811631992 9413.454466878777 8977.228135677515 9180.311813876477 6561.440390645944 6195.361167841629 6109.879295043397 5773.268138584938 6349.261768111313 6864.082240183316 8054.695835349712 11082.85725794571 11172.1323389942 11262.8606046599 11355.00722148604 11448.53794158887 11543.41912086709 11639.61773427289 11737.10138833264 11835.8383311027 8854.942122905151 8079.681305596156 7592.759709091287 7432.109391014102 8160.957358055487 8160.058884591459 8162.142427083712 8167.205703299018 8175.243176811317 8186.246087187948 8200.20249749968 8217.09735855673 8236.912589071224 8259.627170762613 11093.27837025647 11199.54646403148 11306.96816127117 11415.51089526877 11525.14299260534 11635.8336615818 11747.55297923785 11860.27187715358 11973.9621262137 12088.59632049975
6922.495864931954 7231.670692170655 7666.09085518819 7975.779648410556 8675.036022979963 7950.157231149583 6850.182479321263 6679.305727394128 1500.0 1200.0 600.0 300.0 0.0 813.1727983645296 1110.461615725641 1676.678263710721 1839.327322691641 3060.739289779513 3249.32685336517 3630.16872886096 3822.057691872272 4921.508914956876 4961.980451392367 5552.589485996601 5516.452664529987 5932.642750073529 6858.935777509511 6880.770305714324 6915.562160808043 8006.559810555343 7976.528066771909 7957.700672933105 8099.691352144228 8047.670470390795 6963.117118072911 7001.785486574121 5657.406649693833 5599.665168561421 5014.603673272694 5079.000886001104 3993.275597801885 3857.622324696911 3678.48474239054 3501.606774039598 3327.348794460839 2121.320343559642 1920.937271229855 1749.28556845359 1615.549442140351 1529.705854077836 1500.0 2980.14261403712 3080.6858002724 3705.570131572199 6132.801154448104 6329.741305930283 6454.552656846174 7122.938298202505 7545.279981551381 7794.629561435232 7708.963938169642 8494.483504016003 10219.25266347789 10280.55742652119 9392.982753098187 9104.119946485767 9174.863759206455 10343.85174874428 10409.09933663811 10476.26369465756 10545.30819843593 10616.1961643519 10688.89091533822 10763.35584285868 10839.55446501377 10917.45048076702 10997.00782031185 11078.19069162469 11160.96362327196 11245.29150355828 9852.030247619015 9650.291446376115 9222.831723500109 9413.454466878777 6715.094936037763 6329.494450586081 6238.639675442075 5858.380748978338 6415.070147706882 6988.606799641829 8202.324365690496 11331.13961611982 11418.4736720807 11507.2598389017 11597.46476605987 11689.05560770416 11782.00004243762 11876.26629037931 11971.82312766105 12068.63989851383 8994.442728707543 8178.401433043013 7665.50715869472 7451.258283001604 8161.876316142018 8166.710537297131 8174.519496582046 8185.294680095519 8199.024393182399 8215.693823408952 8235.285119532899 8257.777485498142 8283.14728831982 8311.36817858528 11298.6647441191 11407.12238033765 11516.67178485173 11627.28209858177 11738.92333223111 11851.56635217472 11965.18286529713 12079.74540294621 12195.22730415469 12311.602698268
6464.452722388803 6768.047059529064 7195.460304942277 7500.6640372703 8118.65136583657 7393.66282704317 6296.923852167819 6215.555083819948 1089.151045539598 849.2643875731515 575.5432216610669 637.3774391990981 813.1727983645296 0.0 375.0 1000.0 1068.000468164691 2348.536778506992 2544.724936019608 2938.643394493452 3136.180001211665 4301.162633521313 4314.220671222092 4912.48409666637 4901.020301937138 5278.730908087663 6279.032568795928 6275.448191165313 6286.195192642366 7384.527743870965 7375.381346072893 7378.43140511586 7439.169980582511 7405.825409770338 6311.200361262507 6335.71227250733 4973.178058344583 4936.598018878994 4341.658669218482 4383.206588788624 3242.298567374695 3101.612483854165 2915.47594742265 2731.300056749533 2549.509756796393 1308.147545195113 1116.355678088305 980.4335775563789 925.3377761660873 965.0129532809391 1089.151045539598 2170.829334609241 2275.549384214722 2900.431002454635 5391.892061234164 5571.187036888997 5679.788728465171 6361.800059731522 6839.773388058993 7053.013540324448 6985.028632725853 7764.18057492225 9471.701272738705 9528.40285672263 8630.505489251484 8344.534139183565 8382.310242409309 9587.307703417055 9648.375459112274 9711.565321821194 9776.836144684026 9844.146534870353 9913.454947696086 9984.719775737323 10057.89943278416 10132.95243253416 10209.83746197754 10288.51344947364 10368.93962756077 10451.07559057918 9050.483412503445 8845.090446117552 8424.5548843841 8606.138797393405 5925.896556640185 5557.989744502953 5472.7164187449 5147.875775501969 5733.508960488332 6227.208443596536 7418.262936833663 10534.88134721982 10620.31736813924 10707.34462880503 10795.92464775482 10886.01952046753 10977.59194905695 11070.6052680059 11165.02346616432 11260.81120523739 8217.7399569468 7447.986305035744 6972.17684801526 6850.182479321263 7595.539809651451 7588.923573208522 7585.510464036023 7585.304806004832 7588.306859899644 7594.512821768096 7603.91484697192 7616.501099586345 7632.255826425107 7651.159454618627 10485.69620959905 10594.00967528348 10703.50078245431 10814.13376096301 10925.87392385616 11038.68764844807 11152.54235589357 11267.40648951656 11383.24949212658 11500.04178253279
6563.04228235656 6862.276298721876 7284.16254623687 7585.798310000076 8152.645276227833 7429.712309369725 6339.213279264234 6312.091570945403 1325.943060617612 1137.156541554416 950.3288904374107 989.0020222426241 1110.461615725641 375.0 0.0 1068.000468164691 1000.0 2302.172886644268 2501.999200639361 2901.723625709382 3101.612483854165 4308.784631424504 4300.072673804479 4900.063775095177 4907.710769798889 5252.915856931272 6303.619991719044 6282.167221588423 6275.0 7375.0 7381.099172887463 7399.366526939992 7399.366526939992 7381.099172887463 6282.167221588423 6294.888799653255 4922.96912442075 4905.16309616714 4305.88260406621 4326.155914897196 3134.984050996113 2989.251578572804 2795.64393297859 2603.003073375059 2411.560697971337 1076.162162501544 832.5412902673356 638.8466169590318 550.567888638631 614.9186938124421 795.6915231419774 1891.593243802695 1982.738005889835 2697.800029653792 5282.104220857442 5439.209501388966 5525.0 6223.99590295495 6761.88768022658 6937.083320820069 6888.39603971781 7659.022457206925 9344.650876303513 9395.894635424558 8486.45980371085 8204.609984636685 8192.832233116946 9449.436173656077 9505.236661966917 9563.256558306903 9623.455720270136 9685.793514214516 9750.22892038951 9816.720633694329 9885.227159757129 9955.706906091602 10028.11826814981 10102.41971014865 10178.56984060138 10256.52748253521 8841.415327875962 8626.70273047588 8223.518103585593 8381.527307120105 5604.741296438222 5221.410250114427 5132.372745621658 4784.480118048355 5364.349914015677 5884.30114796991 7091.984912561504 10336.25173842046 10417.70204987645 10500.83825225396 10585.62062422416 10672.00993252911 10759.96747206979 10849.45510152469 10940.43527470457 11032.87106785899 7885.3107104286 7091.412059667666 6605.537449746235 6475.193047315269 7221.087175765157 7214.127528675938 7210.537011901402 7210.320658611516 7213.478772409329 7220.006925204435 7229.895988186829 7243.132195397237 7259.697238866095 7279.568393799182 10217.71500874829 10328.83904415206 10441.11124354108 10554.49496660072 10668.954775422 10784.45640725577 10900.96674611935 11018.45379352294 11136.88663855388 11256.23542753082
5497.740353999996 5798.142892340616 6221.788247762856 6524.719227675625 7121.270953980054 6396.581118066119 5301.061214511676 5247.201635157544 579.8706752371601 686.476510887299 1131.923142267177 1398.660073069937 1676.678263710721 1000.0 1068.000468164691 0.0 375.0 1384.061053566641 1573.411897755956 1958.475172168389 2153.050161979511 3301.514803843836 3318.508701209023 3915.673632978111 3901.281840626232 4285.440467443224 5279.796397589589 5275.533148412585 5288.312585314904 6386.0198872224 6375.441161206023 6378.969352489476 6449.127848011698 6410.63569390743 5318.011846545662 5347.078641650972 3991.553582253406 3945.883931389772 3354.101966249685 3407.711842277748 2326.478024826368 2195.449840010015 2024.845673131659 1860.107523773827 1702.93863659264 928.0355596635293 998.1232388838565 1145.098249059879 1343.968005571561 1575.198400202336 1826.540445760783 1735.655495770978 1878.330375626184 2170.829334609241 4457.858230136979 4662.416219086408 4802.082881417187 5456.418239101545 5872.180174347514 6119.231977952789 6032.464256006827 6817.807565486137 8544.771793324851 8607.581599961746 7725.647222077901 7435.136178981526 7547.391933641713 8672.742876391529 8740.203029678429 8809.909250383911 8881.808655898865 8955.848424353775 9031.975918922724 9110.138802455207 9190.285142475177 9272.363506679405 9356.323049147031 9442.113587539603 9529.685671626321 9618.990643513487 8249.924242076408 8064.466814365349 7610.724341348858 7840.001594387593 5492.381086559817 5209.726480344241 5147.875775501969 5005.059939701022 5650.055309463793 5905.770483179989 6991.46801465901 9709.980689991098 9802.608887433998 9896.82923971107 9992.596709564536 10089.86724392348 10188.59779361223 10288.74632790604 10390.27184437443 10493.13437443741 7815.449443250209 7209.1955168382 6838.219797578899 6915.562160808043 7713.120315410619 7686.335993176463 7662.634599144083 7642.04481797902 7624.591857929184 7610.297300368758 7599.178968809722 7591.250819199692 7586.522853059892 7585.001054713177 9821.905365050103 9921.745864513967 10023.01995408569 10125.68461882948 10229.69799163201 10335.01935169935 10441.60911928808 10549.42884709878 10658.44120873217 10768.60998458018
5613.33448139339 5907.862219111072 6324.161920760726 6622.411645314719 7160.001745809843 6438.215979601803 5351.226494926186 5361.203223158025 952.9559276272959 1021.334910790775 1361.295339006198 1590.007861615785 1839.327322691641 1068.000468164691 1000.0 375.0 0.0 1303.84048104053 1503.329637837291 1902.629759044045 2102.379604162864 3311.438509167881 3300.094695611022 3900.080127382 3909.68349102584 4253.601415271534 5309.013561858737 5283.523918749683 5275.0 6375.0 6382.054919851443 6403.173041547449 6403.173041547449 6382.054919851443 5283.523918749683 5298.643694380667 3928.819797343726 3906.484992931625 3307.661560679992 3334.010347914355 2174.425211406453 2033.623613159525 1848.140957827622 1666.020708154614 1488.49756466042 555.0900827793629 665.6763477847173 870.7037383633999 1119.430658861906 1388.569407699882 1668.270062070287 1370.447007366575 1510.380746699321 1891.593243802695 4324.421926685693 4503.887209955418 4617.967626564742 5295.10387055816 5781.27364860028 5985.24226744415 5920.304046246274 6697.807477077853 8403.719414640163 8460.66404013302 7564.390259630977 7277.748621654914 7336.381942074718 8520.084741362612 8581.930085942206 8646.148044071417 8712.686152961094 8781.491672830989 8852.511733965677 8925.693474459002 9000.984168411807 9078.331344470746 9157.682894706499 9238.98717392767 9322.193089611479 9407.250182704827 8020.014027419154 7824.321056807421 7387.574026701865 7592.759709091287 5144.23220704509 4849.033408835208 4784.480118048355 4630.469738590244 5275.059241373503 5543.013620766234 6644.264443864347 9494.108699609458 9582.719655713612 9673.0348908706 9765.007117252911 9858.589960029782 9953.73799132768 10050.40675793771 10148.55280323259 10248.13368374945 7465.127259464503 6840.184573533085 6463.986772882507 6544.320056354212 7344.664730265093 7316.53169199724 7291.628350375518 7269.98789545072 7251.639538752598 7236.608321582701 7224.914947596269 7216.575642228106 7211.602041155626 7210.001109569956 9535.287095835132 9638.097115094866 9742.320257515661 9847.911656793029 9954.827773497642 10063.02638374758 10172.46656421145 10283.10867393708 10394.91433346134 10507.84640161817
4456.043536591626 4736.922629724914 5137.297343934843 5426.042388334246 5889.874786444954 5172.583977085341 4098.856547867954 4203.867267171979 1730.065027679596 1976.897822346921 2505.618686073362 2780.849690292519 3060.739289779513 2348.536778506992 2302.172886644268 1384.061053566641 1303.84048104053 0.0 200.0 600.0 800.0 2034.852574512463 2003.902442735175 2603.003073375059 2626.904071335685 2950.953235820588 4036.164639853037 3995.075093161579 3976.257662677307 5075.985126061738 5090.739140832105 5123.048408906557 5099.571060393217 5078.939357779339 3980.028266231284 3995.075093161579 2626.904071335685 2603.003073375059 2003.902442735175 2034.852574512463 976.2812094883318 866.3861725581728 742.0411039827915 656.2202374203343 625.0 1446.763629623029 1734.394707095245 2025.617189895465 2319.078480776362 2614.024674711392 2910.004295529476 1550.201599792749 1685.600783103757 1226.019983523923 3076.625586580206 3293.174760015022 3455.52094480702 4086.945681067954 4493.119740225047 4736.889802391438 4648.655719667784 5433.748706003987 7163.274390947201 7227.837574267977 6352.952069707437 6060.579592745235 6223.544006432347 7295.165796608052 7365.183229221117 7437.813926147925 7512.982097675996 7590.612360014177 7670.629961091853 7752.960982747172 7837.532519868737 7924.272837301855 8013.111505526427 8103.979516262365 8196.809379264592 8291.535201637873 6953.820892142679 6788.225099390856 6305.255744218469 6579.513659838392 4698.736532303125 4550.618089886252 4525.621504279827 4650.940765049583 5341.933170678944 5252.142420003479 6158.429182835506 8388.092751037031 8486.4195041254 8586.4546816483 8688.13927144357 8791.416040661481 8896.229538405581 9002.526089937202 9110.25378351229 9219.362450842249 6996.650984578265 6625.188676558578 6410.001950077706 6760.40864149498 7605.399397796279 7551.426090481188 7500.30959361012 7452.108694859462 7406.880314950417 7364.679219083476 7325.557726207609 7289.565419145369 7256.748858821008 7227.151306012625 8657.695998358917 8747.646312008734 8839.434597303156 8933.004197916847 9028.299729184891 9125.267119377932 9223.853641510146 9324.007936504559 9425.680028517836 9528.821333197511
