0.0 150.0 304.138126514911 403.1128874149275 527.3755777432247 626.9968101992226 4450.0 4452.527372178637 4750.263150605449 4850.25772511111 4975.251249937032 5075.246299442028 6204.08131797126 6226.606218478892 5233.60535386458 5136.207258279206 4941.722877701663 4844.649110100751 4490.267252625394 4540.099117860755 4608.958667638493 1826.369349282888 1901.479686980642 1342.804900199578 1297.353074532912 1226.019983523923 1201.301377673396 600.0 900.0 1200.0 2595.308266853863 2475.504998985055 2359.157688667716 2246.803284669132 1384.061053566641 1416.200903826855 2801.45051714286 2928.416807764906 3057.470359627383 3188.357727733825 5027.735573794628 5124.268240441751 6857.568811174992 6913.121581456528 6969.666419564139 3984.50122349084 4079.368823727514 4174.476015022724 4509.01874025824 4481.768624103658 4456.596234796238 4433.53696274205 4412.623935936531 4393.887800115064 4377.356508213605 4363.05512227384 4351.005630885807 4341.226785138045 4269.806787197754 4365.346492547871 5365.281912444117 5425.057603380816 5486.004921616458 5548.085255293036 5611.260999098153 5675.495573075536 5740.753434872465 5807.000086102978 5874.202073473469 5942.326985281103 7027.179377246606 7085.636880337574 8246.552309905032 8185.390949734778 8110.024660874959 8050.621094052309 7918.648874650271 8043.164800002546 6529.978943304488 6521.16745682857 6512.296062065974 6506.919393998975 6550.0 6700.0 7150.0 7450.0 7355.142758641739 7549.710259341083 8421.698166047036 8677.845354694908 9447.387204936611 9599.641920405156 9256.653012833527 9201.935937616605 9301.511973867475 9248.682338582075 9094.81308219141 9042.434683203413 8936.721994109474 8546.67332943058 8498.713137881523 8453.142906635378 8410.001486325671 7752.298046385988 7744.554538512851 7890.857051043315 7885.152186229509 7732.924737769015 7729.044248805929 7750.0 8241.85203701207 8273.187112594516 8307.112916049715 8343.597845054614 10403.42491682427 11805.98365236883 11893.53816153965 11981.28749342073 12069.22739863658 12157.35374166599 11613.40819914636 11578.6981133459 11544.74988901882 11511.57026647538 11479.1659104658 11447.54340459122 11416.70924566269 11386.66983801673 11357.43148779688 11329.00039721069 10502.67822986118 10601.94557616667 10701.22656521205 10800.52082077526 10881.46359641018 10885.36862030864 10890.19054011453 10895.92813852955 10902.57996989703 10910.14436201465 10918.61941822317 10928.00301976532 10938.29282840791 10949.4862893197
150.0 0.0 360.5551275463989 447.2135954999579 561.8051263561058 656.2202374203343 4452.527372178637 4450.0 4754.208661806926 4854.1219597369 4979.018477571659 5078.939357779339 6191.375049211605 6209.11628172641 5201.982795050364 5103.981289150657 4908.220145836982 4810.470351223465 4472.694937059759 4512.75968781853 4572.198595861732 1782.729648600707 1843.400390582578 1213.723609393836 1163.239012413184 1083.108951121724 1055.04739230046 450.0 750.0 1050.0 2510.104579494647 2386.027032537561 2265.088298499641 2147.81866087433 1241.219158730641 1276.959278912213 2722.705455975728 2853.178052628332 2985.485722625382 3119.394973388269 4990.303097007235 5087.546068587488 6776.153038413462 6830.172032972522 6885.219676960206 3842.687861380365 3937.162683964177 4031.904016714684 4365.346492547871 4337.193793226214 4311.177333397456 4287.336002694447 4265.706272119542 4246.321937865757 4229.213874941772 4214.409804468474 4201.934078492903 4191.807486037497 4126.893504804794 4222.114399208055 5245.116776583721 5306.246319197781 5368.542632782197 5431.965574264992 5496.47614385799 5562.036497542964 5628.609952732557 5696.160987893513 5764.655236872367 5834.059478613498 6941.271497355509 6998.303365816603 8128.845243944555 8066.791493524547 7990.306627407987 7930.006305167733 7795.030468189332 7918.648874650271 6380.683740791421 6371.665794751008 6362.58595226815 6357.082664241515 6400.0 6550.0 7000.0 7300.0 7209.412250662324 7403.757491976625 8294.72724084403 8549.415184677839 9334.378661699984 9485.284655718035 9131.84674641444 9076.377305951974 9174.863759206455 9121.300619977394 8967.754735718412 8914.629829667634 8806.957476904268 8405.09518090069 8356.322456679134 8309.971419926786 8266.08280868272 7602.836641675263 7594.940750262638 7741.164318111327 7735.349054826163 7583.081497649883 7579.124289784408 7600.0 8094.944409938836 8126.845944153242 8161.380091626661 8198.513584790842 10254.57215099684 11675.02676656461 11762.28081623628 11849.7362839854 11937.38874293704 12025.23388545936 11473.06628587145 11437.93031977377 11403.56303968194 11369.97141597111 11337.16234337323 11305.14263510196 11273.91901691688 11243.4981211365 11213.88648060966 11185.0905226556 10353.80364890121 10453.04979419882 10552.31017360654 10651.58438918831 10731.55394153149 10735.51349493819 10740.40269263681 10746.22026574926 10752.96470746556 10760.63427498584 10769.22699175758 10778.74065000174 10789.17281352004 10800.52082077526
304.138126514911 360.5551275463989 0.0 100.0 225.0 325.0 4150.301193889427 4154.816482108446 4450.0 4550.0 4675.0 4775.0 5910.848077898805 5936.170903873978 4953.849513257342 4857.018118146153 4663.75653309647 4567.343319699101 4200.595195921645 4257.346591481601 4334.166586553867 1566.245510767709 1659.254350604512 1274.019230624091 1250.249975004999 1226.019983523923 1226.019983523923 715.8910531638177 996.2429422585637 1285.496013218244 2870.648881350696 2746.475013540083 2625.0 2506.616245060261 1378.631567896224 1389.469323159025 2585.174075376744 2705.665352551937 2828.97949798156 2954.763103871442 4753.222591042839 4849.033408835208 6637.864867560954 6695.987604528551 6755.090672966574 3947.30921008223 4044.286092748633 4141.406765822454 4649.865589455248 4616.952458061486 4585.984081961035 4557.000109721306 4530.038631181857 4505.135957992833 4482.326404892888 4461.642074393687 4443.112647682929 4426.765184646685 4238.661345283437 4336.040820841058 5235.097897842981 5290.675760240841 5347.54616623363 5405.668321308662 5465.002287282229 5525.509026325086 5587.15043649265 5649.889379448061 5713.689701060078 5778.516245542622 6815.148567712959 6876.136269737533 8105.746418436737 8047.243316813529 7975.27428995392 7918.648874650271 7796.313231265147 7923.698631321108 6558.058020481368 6553.863364459165 6550.763314301625 6550.0 6606.814663663572 6756.663377733124 7206.247289678588 7505.997601918082 7339.661095718248 7535.955480229431 8310.38506929733 8571.61011712502 9292.772729384917 9448.577935329738 9137.320449672321 9085.187119702048 9188.477839120036 9138.278010653867 8983.352659224729 8933.679253252827 8835.298523536147 8500.919067959652 8458.02134071557 8417.578333463847 8379.625588294502 7782.873826550191 7779.018254252911 7927.523257613313 7925.630889714711 7775.160770041994 7775.160770041994 7805.767098754613 8355.724085918586 8391.997676358114 8430.784364458625 8472.04963394337 10420.71254761401 11707.74316424818 11796.45073740403 11885.3376056383 11974.3997761892 12063.63336644479 11558.81698098902 11526.5454495265 11495.05328391304 11464.34690682378 11434.43264880248 11405.31674264244 11377.00531774509 11349.50439446587 11322.81987845784 11296.95755502339 10520.27803815089 10619.85169387972 10719.43328725917 10819.02259910755 10945.83254028674 10952.45406290298 10959.98403283508 10968.42057909889 10977.76161154905 10988.0048234427 10999.1476942534 11011.18749272757 11024.12128017467 11037.94591398236
403.1128874149275 447.2135954999579 100.0 0.0 125.0 225.0 4050.308630215727 4054.93526458808 4350.0 4450.0 4575.0 4675.0 5811.464961608217 5837.218943983513 4857.018118146153 4760.317741495835 4567.343319699101 4471.087675275447 4101.828860398737 4159.927883990298 4238.513890504548 1475.847214314544 1574.206149143117 1250.249975004999 1234.149504719748 1226.019983523923 1234.149504719748 763.2168761236874 1030.776406404415 1312.440474840669 2954.763103871442 2828.97949798156 2705.665352551937 2585.174075376744 1375.0 1378.631567896224 2506.616245060261 2625.0 2746.475013540083 2870.648881350696 4657.587895037516 4753.222591042839 6556.390012804302 6615.228643062914 6675.046816315224 3923.805550737702 4021.34927605151 4119.010803578937 4684.682486572596 4649.865589455248 4616.952458061486 4585.984081961035 4557.000109721306 4530.038631181857 4505.135957992833 4482.326404892888 4461.642074393687 4443.112647682929 4216.78194835825 4314.655258534568 5180.854176677819 5235.097897842981 5290.675760240841 5347.54616623363 5405.668321308662 5465.002287282229 5525.509026325086 5587.15043649265 5649.889379448061 5713.689701060078 6735.818435795311 6797.517929362158 8047.243316813529 7989.563504973222 7918.648874650271 7862.887510323418 7743.545699484184 7871.785058041156 6553.863364459165 6551.19263951229 6550.0 6550.763314301625 6612.110101926615 6761.841465163169 7211.102550927979 7510.65909225016 7320.903291261264 7517.687476877447 8260.901887808619 8523.643587105224 9229.87675974062 9386.726000049219 9085.187119702048 9033.85991700115 9138.278010653867 9088.901198714837 8933.679253252827 8884.853684782884 8788.771245174152 8472.04963394337 8430.784364458625 8391.997676358114 8355.724085918586 7779.018254252911 7776.446810722749 7925.630889714711 7925.0 7775.160770041994 7776.446810722749 7810.249675906654 8379.625588294502 8417.578333463847 8458.02134071557 8500.919067959652 10411.8322114794 11661.7430086587 11750.79784525289 11840.02744929251 11929.42789910732 12018.99538231045 11526.5454495265 11495.05328391304 11464.34690682378 11434.43264880248 11405.31674264244 11377.00531774509 11349.50439446587 11322.81987845784 11296.95755502339 11271.92308348491 10511.48181751745 10611.13801625443 10710.80062366955 10810.46946251642 10952.45406290298 10959.98403283508 10968.42057909889 10977.76161154905 10988.0048234427 10999.1476942534 11011.18749272757 11024.12128017467 11037.94591398236 11052.65805134674
527.3755777432247 561.8051263561058 225.0 125.0 0.0 100.0 3925.318458418374 3930.092238103325 4225.0 4325.0 4450.0 4550.0 5687.266478722445 5713.580313603721 4736.164059658407 4639.638994577056 4447.049583712779 4351.005630885807 3978.457615709887 4038.33195762805 4119.238400481332 1364.734406395618 1470.544116985274 1231.361035602475 1225.255075484285 1237.436867076458 1255.487952948972 835.5387483534201 1085.41466730462 1355.774686295625 3061.249744793783 2933.641082341192 2808.246784027358 2685.377068495223 1380.670127148408 1375.227253947507 2410.653438385535 2526.113615813826 2645.042532739313 2766.992952647332 4538.309156503114 4633.708018423258 6455.278847578933 6515.03069831601 6575.760412302139 3897.835938055885 3996.013638615364 4094.279545903039 4730.81652571731 4693.679260452294 4658.392963243869 4625.0 4593.54166194234 4564.057953181577 4536.5873737866 4511.166700533245 4487.830767754061 4466.612250912318 4192.627457812106 4291.051735880144 5114.990224819594 5167.506652148597 5221.410250114427 5276.658507047808 5333.209633982148 5391.022630262277 5450.05733914791 5510.274494070146 5571.635756220968 5634.103744163751 6637.44114851499 6700.046641628698 7975.27428995392 7918.648874650271 7849.084341501243 7794.429100325437 7678.907799941343 7808.208821490368 6550.763314301625 6550.0 6551.19263951229 6553.863364459165 6620.847755386012 6770.385882651003 7219.115250499884 7518.352545604655 7299.315036357863 7496.665925596525 8200.34298063197 8464.96455987856 9152.185531336218 9310.343710089333 9021.15569093007 8970.855589072873 9076.687170989204 9028.358101005962 8872.781412837803 8825.035410693828 8731.874082921719 8437.49074073566 8398.288516120412 8361.593747605775 8327.439582488725 7776.004758228997 7775.040192822156 7925.039432078556 7925.985743111074 7776.969204002289 7779.86182396577 7817.648303678031 8411.079003314617 8451.109394629797 8493.60053216538 8538.515678969032 10402.07311068327 11605.19818874284 11694.68362120156 11784.33812311918 11874.15786487614 11964.13912490155 11487.30277306209 11456.79383597348 11427.07858553532 11398.1632292225 11370.05386970528 11342.75649919366 11316.27699378201 11290.62110780448 11265.79446821217 11241.80256898332 10501.81531926743 10601.5623848563 10701.31417163331 10801.07054879284 10962.00825578963 10970.67112805775 10980.23793002683 10990.70630123469 11002.07366817729 11014.33724742438 11027.49404896688 11041.54087978666 11056.47434763903 11072.29086503782
626.9968101992226 656.2202374203343 325.0 225.0 100.0 0.0 3825.326783426483 3830.225189202327 4125.0 4225.0 4350.0 4450.0 5587.933428379404 5614.712815451918 4639.638994577056 4543.264245011509 4351.005630885807 4255.143945861291 3879.835692397295 3941.208570984286 4024.068215127571 1277.693233918064 1390.143877445784 1225.255075484285 1227.293770863358 1255.487952948972 1281.112797531896 901.7344398435716 1137.156541554416 1397.542485937369 3147.419578003543 3018.484719192728 2891.582611650582 2766.992952647332 1393.287479309277 1380.670127148408 2335.861725359615 2448.724157597176 2565.394706473061 2685.377068495223 4443.112647682929 4538.309156503114 6375.0 6435.497261284477 6496.97044783182 3879.835692397295 3978.457615709887 4077.146673839439 4769.761524437044 4730.81652571731 4693.679260452294 4658.392963243869 4625.0 4593.54166194234 4564.057953181577 4536.5873737866 4511.166700533245 4487.830767754061 4175.89810699447 4274.707592338919 5063.904126264635 5114.990224819594 5167.506652148597 5221.410250114427 5276.658507047808 5333.209633982148 5391.022630262277 5450.05733914791 5510.274494070146 5571.635756220968 6559.392121225868 6622.735462027757 7918.648874650271 7862.887510323418 7794.429100325437 7740.67987970049 7628.277983922715 7758.422842305 6550.0 6550.763314301625 6553.863364459165 6558.058020481368 6629.526755357429 6778.873431478124 7227.07582636297 7525.996611745185 7283.543093852058 7481.310045707236 8152.951919397047 8419.063190165518 9090.792044701057 9250.0 8970.855589072873 8921.392828476952 9028.358101005962 8980.882473343028 8825.035410693828 8778.168943464234 8687.383092738572 8411.079003314617 8373.54464966898 8338.540040078959 8306.097158112227 7775.040192822156 7775.361727919802 7925.985743111074 7928.193362929539 7779.86182396577 7784.03815509662 7825.0 8437.49074073566 8479.165642915581 8523.276951970996 8569.787045195464 10395.34150473182 11560.73635198035 11650.56329110314 11740.55471432249 11830.70686814613 11921.01610602049 11456.79383597348 11427.07858553532 11398.1632292225 11370.05386970528 11342.75649919366 11316.27699378201 11290.62110780448 11265.79446821217 11241.80256898332 11218.65076557783 10495.14768833674 10594.95752705031 10694.77091853771 10794.58776424556 10970.67112805775 10980.23793002683 10990.70630123469 11002.07366817729 11014.33724742438 11027.49404896688 11041.54087978666 11056.47434763903 11072.29086503782 11088.98665343231
4450.0 4452.527372178637 4150.301193889427 4050.308630215727 3925.318458418374 3825.326783426483 0.0 150.0 304.138126514911 403.1128874149275 527.3755777432247 626.9968101992226 1826.369349282888 1901.479686980642 1342.804900199578 1297.353074532912 1226.019983523923 1201.301377673396 600.0 900.0 1200.0 2790.273284106774 2840.00440140504 3977.514927690404 4073.159093381942 4265.046893059911 4361.264151596415 4490.267252625394 4540.099117860755 4608.958667638493 6725.18587103732 6579.181180055767 6433.360319459808 6287.736079066933 4261.235149578112 4166.308317923675 2595.308266853863 2475.504998985055 2359.157688667716 2246.803284669132 1384.061053566641 1416.200903826855 3984.50122349084 4079.368823727514 4174.476015022724 4932.671689865442 5009.615753728024 5087.361791734494 7175.043553874778 7095.509143112988 7016.49841445147 6938.029259090797 6860.120261336531 6782.790723588632 6706.060691643045 6629.95098021094 6554.483198544337 6479.679776038319 5165.873595046631 5245.116776583721 4509.01874025824 4481.768624103658 4456.596234796238 4433.53696274205 4412.623935936531 4393.887800115064 4377.356508213605 4363.05512227384 4351.005630885807 4341.226785138045 4269.806787197754 4365.346492547871 6529.978943304488 6521.16745682857 6512.296062065974 6506.919393998975 6550.0 6700.0 7541.924489147315 7593.130118732327 7658.492018667905 7711.841544015281 7918.648874650271 8043.164800002546 8421.698166047036 8677.845354694908 7651.674653303027 7838.88544373497 7150.0 7450.0 7355.142758641739 7549.710259341083 7752.298046385988 7744.554538512851 7890.857051043315 7885.152186229509 7732.924737769015 7729.044248805929 7750.0 8241.85203701207 8273.187112594516 8307.112916049715 8343.597845054614 8609.043210485122 8653.648074656145 8810.114925470609 8855.400894369492 8745.606039606404 8792.930398905703 8936.721994109474 10120.06052353443 10211.17647482404 10303.67046250995 10397.50571050577 10802.14099148868 10403.42491682427 10502.67822986118 10601.94557616667 10701.22656521205 10800.52082077526 10881.46359641018 10885.36862030864 10890.19054011453 10895.92813852955 10902.57996989703 10910.14436201465 10918.61941822317 10928.00301976532 10938.29282840791 10949.4862893197 10897.76353202803 10993.46396728529 11089.24028056025 11185.0905226556 11897.32112704368 11938.22641768868 11979.82679340565 12022.11503854459 12065.08392013914 12108.7261922962 12153.03460046091 12198.00188555486 12243.62078798588 12289.88405152791
4452.527372178637 4450.0 4154.816482108446 4054.93526458808 3930.092238103325 3830.225189202327 150.0 0.0 360.5551275463989 447.2135954999579 561.8051263561058 656.2202374203343 1782.729648600707 1843.400390582578 1213.723609393836 1163.239012413184 1083.108951121724 1055.04739230046 450.0 750.0 1050.0 2761.906044745187 2801.45051714286 3935.81313072661 4032.446527853779 4226.183266258102 4323.265548170734 4472.694937059759 4512.75968781853 4572.198595861732 6692.766617774745 6546.038878589096 6399.462868085102 6253.049256162948 4217.004268435117 4121.058723192379 2510.104579494647 2386.027032537561 2265.088298499641 2147.81866087433 1241.219158730641 1276.959278912213 3842.687861380365 3937.162683964177 4031.904016714684 4818.843222185175 4894.512233103519 4971.041138433678 7085.636880337574 7005.087436998913 6925.04512620676 6845.527737143427 6766.553775741386 6688.142492501188 6610.313910851738 6533.088855970046 6456.488983960246 6380.53681127223 5048.390832730763 5126.524163602469 4365.346492547871 4337.193793226214 4311.177333397456 4287.336002694447 4265.706272119542 4246.321937865757 4229.213874941772 4214.409804468474 4201.934078492903 4191.807486037497 4126.893504804794 4222.114399208055 6380.683740791421 6371.665794751008 6362.58595226815 6357.082664241515 6400.0 6550.0 7413.037501591369 7465.127259464503 7531.600095597217 7585.842075867386 7795.030468189332 7918.648874650271 8294.72724084403 8549.415184677839 7511.699208567926 7698.417045081411 7000.0 7300.0 7209.412250662324 7403.757491976625 7602.836641675263 7594.940750262638 7741.164318111327 7735.349054826163 7583.081497649883 7579.124289784408 7600.0 8094.944409938836 8126.845944153242 8161.380091626661 8198.513584790842 8474.70500961538 8520.01320421512 8676.296733053798 8722.277512209756 8613.397993823344 8661.444740919382 8806.957476904268 10000.78121948481 10092.97404138146 10186.54136593967 10281.4456668311 10658.85781873461 10254.57215099684 10353.80364890121 10453.04979419882 10552.31017360654 10651.58438918831 10731.55394153149 10735.51349493819 10740.40269263681 10746.22026574926 10752.96470746556 10760.63427498584 10769.22699175758 10778.74065000174 10789.17281352004 10800.52082077526 10754.35958111872 10849.94239616045 10945.60414047576 11041.34276254478 11760.36776635833 11801.74775192217 11843.8275063427 11886.5995978665 11930.05657991612 11974.19099563724 12018.99538231045 12064.46227562588 12110.58421381892 12157.35374166599
4750.263150605449 4754.208661806926 4450.0 4350.0 4225.0 4125.0 304.138126514911 360.5551275463989 0.0 100.0 225.0 325.0 1566.245510767709 1659.254350604512 1274.019230624091 1250.249975004999 1226.019983523923 1226.019983523923 715.8910531638177 996.2429422585637 1285.496013218244 3094.04670294422 3142.1529243498 4279.091609208665 4375.0 4567.343319699101 4663.75653309647 4794.267410147248 4844.068537913146 4911.720676097125 7028.735661553933 6882.632127318734 6736.699859723602 6590.950234981296 4562.140396787455 4466.89209630141 2870.648881350696 2746.475013540083 2625.0 2506.616245060261 1378.631567896224 1389.469323159025 3947.30921008223 4044.286092748633 4141.406765822454 5167.809013498854 5242.256193663183 5317.54172527118 7445.888127013459 7365.205360341285 7285.001715854293 7205.293193201786 7126.096406869612 7047.428609074376 6969.307713108957 6891.752317081628 6814.781727979261 6738.415985971777 5393.630502731903 5470.489009220291 4649.865589455248 4616.952458061486 4585.984081961035 4557.000109721306 4530.038631181857 4505.135957992833 4482.326404892888 4461.642074393687 4443.112647682929 4426.765184646685 4238.661345283437 4336.040820841058 6558.058020481368 6553.863364459165 6550.763314301625 6550.0 6606.814663663572 6756.663377733124 7740.67987970049 7794.429100325437 7862.887510323418 7918.648874650271 8131.574263326875 8253.787009609588 8625.688378326682 8877.640452282352 7809.649479970276 7994.412110968511 7206.247289678588 7505.997601918082 7339.661095718248 7535.955480229431 7782.873826550191 7779.018254252911 7927.523257613313 7925.630889714711 7775.160770041994 7775.160770041994 7805.767098754613 8355.724085918586 8391.997676358114 8430.784364458625 8472.04963394337 8789.80232997307 8836.890007236709 8992.670626682599 9040.360888814119 8933.679253252827 8983.352659224729 9132.496920338928 10342.90215558477 10436.38467094808 10531.17396114982 10627.23505903582 10941.49212859014 10420.71254761401 10520.27803815089 10619.85169387972 10719.43328725917 10819.02259910755 10945.83254028674 10952.45406290298 10959.98403283508 10968.42057909889 10977.76161154905 10988.0048234427 10999.1476942534 11011.18749272757 11024.12128017467 11037.94591398236 11036.36036019122 11131.31843044659 11226.36405965885 11321.49504261694 12067.36300937367 12110.17134478286 12153.65171460825 12197.7969322333 12242.59980559685 12288.05314116113 12334.14974775319 12380.88244027864 12428.24404330716 12476.22739452917
4850.25772511111 4854.1219597369 4550.0 4450.0 4325.0 4225.0 403.1128874149275 447.2135954999579 100.0 0.0 125.0 225.0 1475.847214314544 1574.206149143117 1250.249975004999 1234.149504719748 1226.019983523923 1234.149504719748 763.2168761236874 1030.776406404415 1312.440474840669 3191.884239755571 3238.53747855417 4375.0 4471.087675275447 4663.75653309647 4760.317741495835 4893.362851863736 4942.165517260627 5008.492787256461 7126.227964358143 6980.016117459902 6833.968466418322 6688.095767855003 4657.587895037516 4562.140396787455 2954.763103871442 2828.97949798156 2705.665352551937 2585.174075376744 1375.0 1378.631567896224 3923.805550737702 4021.34927605151 4119.010803578937 5235.57542205248 5309.072423691355 5383.423631853618 7527.034608662299 7445.888127013459 7365.205360341285 7285.001715854293 7205.293193201786 7126.096406869612 7047.428609074376 6969.307713108957 6891.752317081628 6814.781727979261 5458.594141351782 5534.550568926081 4684.682486572596 4649.865589455248 4616.952458061486 4585.984081961035 4557.000109721306 4530.038631181857 4505.135957992833 4482.326404892888 4461.642074393687 4443.112647682929 4216.78194835825 4314.655258534568 6553.863364459165 6551.19263951229 6550.0 6550.763314301625 6612.110101926615 6761.841465163169 7794.429100325437 7849.084341501243 7918.648874650271 7975.27428995392 8190.390711071114 8311.738686941499 8681.157756889343 8931.545219053643 7848.925085640708 8032.784386500113 7211.102550927979 7510.65909225016 7320.903291261264 7517.687476877447 7779.018254252911 7776.446810722749 7925.630889714711 7925.0 7775.160770041994 7776.446810722749 7810.249675906654 8379.625588294502 8417.578333463847 8458.02134071557 8500.919067959652 8836.890007236709 8884.853684782884 9040.360888814119 9088.901198714837 8983.352659224729 9033.85991700115 9184.9060964171 10405.07688582838 10499.43450858188 10595.07550704571 10691.9654413957 10973.66164960448 10411.8322114794 10511.48181751745 10611.13801625443 10710.80062366955 10810.46946251642 10952.45406290298 10959.98403283508 10968.42057909889 10977.76161154905 10988.0048234427 10999.1476942534 11011.18749272757 11024.12128017467 11037.94591398236 11052.65805134674 11068.25415320772 11162.94092074306 11257.71957369698 11352.58781071523 12110.17134478286 12153.65171460825 12197.7969322333 12242.59980559685 12288.05314116113 12334.14974775319 12380.88244027864 12428.24404330716 12476.22739452917 12524.8253480837
4975.251249937032 4979.018477571659 4675.0 4575.0 4450.0 4350.0 527.3755777432247 561.8051263561058 225.0 125.0 0.0 100.0 1364.734406395618 1470.544116985274 1231.361035602475 1225.255075484285 1237.436867076458 1255.487952948972 835.5387483534201 1085.41466730462 1355.774686295625 3314.36268383531 3359.315406448165 4495.136260448619 4591.432238419728 4784.480118048355 4881.213988343474 5017.282631066342 5064.891410484533 5129.63205308139 7248.18942909193 7101.848350957657 6955.663160332018 6809.643896710018 4777.159197682237 4681.47946700613 3061.249744793783 2933.641082341192 2808.246784027358 2685.377068495223 1380.670127148408 1375.227253947507 3897.835938055885 3996.013638615364 4094.279545903039 5321.71260028198 5394.036058463087 5467.23193215726 7629.097259833565 7547.391933641713 7466.131863287709 7385.331746103217 7305.006844623761 7225.173008309212 7145.846695808692 7067.044997734201 6988.785659898292 6911.087106960815 5541.265649650809 5616.104076670944 4730.81652571731 4693.679260452294 4658.392963243869 4625.0 4593.54166194234 4564.057953181577 4536.5873737866 4511.166700533245 4487.830767754061 4466.612250912318 4192.627457812106 4291.051735880144 6550.763314301625 6550.0 6551.19263951229 6553.863364459165 6620.847755386012 6770.385882651003 7862.887510323418 7918.648874650271 7989.563504973222 8047.243316813529 8265.024198391679 8385.29218334102 8751.606995289494 9000.034722155242 7899.525302193797 8082.233602167164 7219.115250499884 7518.352545604655 7299.315036357863 7496.665925596525 7776.004758228997 7775.040192822156 7925.039432078556 7925.985743111074 7776.969204002289 7779.86182396577 7817.648303678031 8411.079003314617 8451.109394629797 8493.60053216538 8538.515678969032 8896.979824637123 8946.018667541444 9101.167507523416 9150.751335272967 9046.615389193905 9098.145415412968 9251.520145359897 10483.61817313088 10579.04768870998 10675.73182503195 10773.63680471919 11015.01815704359 10402.07311068327 10501.81531926743 10601.5623848563 10701.31417163331 10801.07054879284 10962.00825578963 10970.67112805775 10980.23793002683 10990.70630123469 11002.07366817729 11014.33724742438 11027.49404896688 11041.54087978666 11056.47434763903 11072.29086503782 11109.25852611235 11203.59875218673 11298.03633380598 11392.56884991265 12164.62597041109 12208.93627635102 12253.90243963122 12299.51726694995 12345.77356831074 12392.66416070411 12440.18187166088 12488.31954267667 12537.0700325076 12586.42622033753
5075.246299442028 5078.939357779339 4775.0 4675.0 4550.0 4450.0 626.9968101992226 656.2202374203343 325.0 225.0 100.0 0.0 1277.693233918064 1390.143877445784 1225.255075484285 1227.293770863358 1255.487952948972 1281.112797531896 901.7344398435716 1137.156541554416 1397.542485937369 3412.477106150311 3456.153931757091 4591.432238419728 4687.883317660541 4881.213988343474 4978.076937934969 5116.456293177926 5163.150685385814 5226.674372868469 7345.832151635374 7199.39233546832 7053.102154371508 6906.971116198474 4873.012415334071 4777.159197682237 3147.419578003543 3018.484719192728 2891.582611650582 2766.992952647332 1393.287479309277 1380.670127148408 3879.835692397295 3978.457615709887 4077.146673839439 5391.718186255658 5463.1149539434 5535.397456371132 7711.23368858706 7629.097259833565 7547.391933641713 7466.131863287709 7385.331746103217 7305.006844623761 7225.173008309212 7145.846695808692 7067.044997734201 6988.785659898292 5608.531447714277 5682.484051891391 4769.761524437044 4730.81652571731 4693.679260452294 4658.392963243869 4625.0 4593.54166194234 4564.057953181577 4536.5873737866 4511.166700533245 4487.830767754061 4175.89810699447 4274.707592338919 6550.0 6550.763314301625 6553.863364459165 6558.058020481368 6629.526755357429 6778.873431478124 7918.648874650271 7975.27428995392 8047.243316813529 8105.746418436737 8325.600578937234 8445.005920661039 8808.837891572304 9055.695721478278 7941.190087134296 8122.961282685028 7227.07582636297 7525.996611745185 7283.543093852058 7481.310045707236 7775.040192822156 7775.361727919802 7925.985743111074 7928.193362929539 7779.86182396577 7784.03815509662 7825.0 8437.49074073566 8479.165642915581 8523.276951970996 8569.787045195464 8946.018667541444 8995.901844729076 9150.751335272967 9201.154818825733 9098.145415412968 9150.478129584268 9305.67703071625 10547.09675692795 10643.366478704 10740.86821444151 10839.56871835776 11049.0101366593 10395.34150473182 10495.14768833674 10594.95752705031 10694.77091853771 10794.58776424556 10970.67112805775 10980.23793002683 10990.70630123469 11002.07366817729 11014.33724742438 11027.49404896688 11041.54087978666 11056.47434763903 11072.29086503782 11088.98665343231 11142.96302605371 11237.0202900947 11331.17932961967 11425.43762837993 12208.93627635102 12253.90243963122 12299.51726694995 12345.77356831074 12392.66416070411 12440.18187166088 12488.31954267667 12537.0700325076 12586.42622033753 12636.38100881736
6204.08131797126 6191.375049211605 5910.848077898805 5811.464961608217 5687.266478722445 5587.933428379404 1826.369349282888 1782.729648600707 1566.245510767709 1475.847214314544 1364.734406395618 1277.693233918064 0.0 200.0 1219.118534023661 1308.147545195113 1490.385856078888 1583.114019898756 1725.0 1750.892629489313 1826.369349282888 4450.0 4454.492114708477 5554.840231725841 5654.312513471466 5853.311028810958 5952.835458838083 6175.0 6182.283154304727 6204.08131797126 8326.538896804603 8177.48433199355 8028.464984042716 7879.482851050569 5820.330746615694 5721.123141481924 3935.25729781421 3789.623991902099 3644.344934278313 3499.464244709467 1510.380746699321 1423.464084548676 3206.73120170681 3305.771468205266 3404.86783884485 5838.717753068733 5893.693663569562 5949.842434888507 8329.353216186717 8240.031856734535 8150.958532589894 8062.141464896284 7973.589216908531 7885.3107104286 7797.31524308207 7709.612506475277 7622.212605274141 7535.126077246485 6007.131178857342 6065.527594529597 4782.846955527639 4720.765298126989 4660.002682402662 4600.611372415628 4542.645154532764 4486.159270467334 4431.210331275192 4377.85621052131 4326.155914897196 4276.169430693784 3504.015553618448 3603.210374096966 6001.666435249464 6020.797289396148 6046.95171139972 6069.647848104534 6195.008071019763 6339.213279264234 8100.154319517623 8168.99626637202 8255.944827819527 8326.201114553984 8575.145771355727 8679.897752854005 9001.840089670555 9222.425114903346 7918.648874650271 8084.86239833431 6773.339279853033 7063.860488429822 6550.0 6750.0 7205.640151992049 7221.23604378087 7377.414858878414 7394.677139672834 7256.462636849996 7276.073803913756 7355.142758641739 8201.600453570023 8264.457029956657 8329.540803669792 8396.799985708842 9016.166036625546 9077.788827682652 9226.659742290272 9288.500955482537 9203.056557470458 9266.674160668432 9447.387204936611 10821.56411984885 10930.51920084311 11040.43703845097 11151.28916314163 10889.7027048492 9735.40574398417 9835.299944587354 9935.196273853879 10035.09466821315 10134.99506659969 10487.40315807493 10507.8839449244 10529.2746663766 10551.56978842485 10574.76359073809 10598.8501734858 10623.82346427123 10649.6772251557 10676.40505975677 10704.00042040358 10979.09946215991 11068.67765363144 11158.43290968763 11248.36099171786 12185.16003177636 12239.20442675912 12293.82466932077 12349.01311846416 12404.76219038479 12461.0643606395 12517.91216617212 12575.2982071997 12633.21514896347 12691.65572334831
6226.606218478892 6209.11628172641 5936.170903873978 5837.218943983513 5713.580313603721 5614.712815451918 1901.479686980642 1843.400390582578 1659.254350604512 1574.206149143117 1470.544116985274 1390.143877445784 200.0 0.0 1138.52975367357 1233.389638354401 1425.219281373923 1521.923125522442 1736.555498681226 1727.896119562747 1770.769606696478 4454.492114708477 4450.0 5537.711621238505 5637.486141889841 5837.058334469512 5936.85522814899 6178.238017428594 6175.809663517813 6187.941903411828 8306.699103735491 8157.282022830889 8007.886737460764 7858.514490665522 5798.814534023312 5699.232404455885 3893.102875599359 3745.831015942924 3598.784517027937 3451.992178438416 1425.219281373923 1332.760293526184 3008.841139043403 3107.752403265099 3206.73120170681 5732.41877395572 5784.948141513457 5838.717753068733 8241.85203701207 8151.571934295863 8061.521258422631 7971.707784408558 7882.139620686758 7792.825225808673 7703.773426055572 7614.993434008988 7526.494868130849 7438.28777340592 5893.693663569562 5949.842434888507 4628.782237262842 4564.605678478701 4501.735776342277 4440.228034684706 4380.139837950383 4321.530400217034 4264.460692748849 4208.993347583244 4155.192534648665 4103.123809976979 3305.771468205266 3404.86783884485 5805.170109479997 5824.94635168428 5851.976161947347 5875.425516505166 6003.176242623566 6147.001301447723 7955.658363705671 8025.739841285662 8114.223622750362 8185.696366223218 8437.601851237116 8540.528379438827 8857.376869028438 9074.86225790783 7754.031209635411 7918.648874650271 6580.13107772178 6870.089155171132 6350.0 6550.0 7007.941923275335 7023.976793811324 7180.268100844146 7198.003195331327 7060.187674559367 7080.342505839672 7160.874597421743 8019.74126764698 8084.011999001485 8150.536792138295 8219.26091567849 8858.96438642802 8921.673049378127 9069.798784978639 9132.702228803915 9049.102165408456 9113.794489673333 9296.941701441394 10684.39282317905 10794.73251173923 10906.01898036126 11018.22354102511 10711.47165425928 9535.623996362272 9635.513738249767 9735.40574398417 9835.299944587354 9935.196273853879 10291.53171301532 10312.40151468124 10334.1968725199 10356.91194323868 10380.54068919341 10405.07688582838 10430.5141292268 10456.84584375231 10484.06528976236 10512.16557137491 10800.49188694663 10889.7027048492 10979.09946215991 11068.67765363144 12016.99317633159 12071.79046372161 12127.16475520969 12183.10818305411 12239.6129432266 12296.67129755041 12354.27557568634 12412.418176971 12471.09157211188 12530.28830474383
5233.60535386458 5201.982795050364 4953.849513257342 4857.018118146153 4736.164059658407 4639.638994577056 1342.804900199578 1213.723609393836 1274.019230624091 1250.249975004999 1231.361035602475 1225.255075484285 1219.118534023661 1138.52975367357 0.0 100.0 300.0 400.0 867.8277478854891 705.7797106746552 650.4805915628843 3423.631113306456 3395.769426801531 4450.0 4550.0 4750.0 4850.0 5132.311857243283 5107.408834232873 5100.061274141714 7208.50192481073 7058.68259663232 6908.87110894392 6759.067983087609 4702.393007820592 4602.445002387318 2772.183255125822 2623.451924468981 2474.873734152916 2326.478024826368 291.547594742265 212.1320343559643 2674.065257244109 2771.394053540564 2868.906586140441 4625.0 4681.946710504083 4740.319082087196 7110.775274187759 7021.262350888193 6932.036136662878 6843.107846585497 6754.489247900244 6666.192691484398 6578.231145224376 6490.618229413898 6403.368254286177 6316.496259794666 4800.065103725156 4861.134126929641 3691.629044202572 3640.484171095927 3591.395968143864 3544.449886794846 3499.732132606723 3457.329171484833 3417.327171928377 3379.811385269894 3344.865468146664 3312.57075396134 2966.584736696392 3064.412668032816 5325.058685122634 5326.466934094306 5330.865314374393 5336.489951269467 5414.159676256326 5563.103899802699 6955.663160332018 7020.416654301936 7102.508359727569 7169.074208013194 7409.495596867576 7519.017555505507 7855.611051980616 8086.137829644013 6862.306463573308 7037.133649434264 6010.25165862462 6308.575512744537 6070.934853875472 6267.874440350573 6550.0 6550.763314301625 6701.678894127948 6704.662556758542 6556.866629724902 6562.202374203343 6607.051157664817 7273.238618387272 7322.055722268166 7373.601562330311 7427.819330059126 7918.648874650271 7975.27428995392 8127.115109311545 8184.130986244049 8091.044431963033 8150.153372789987 8321.09518032332 9652.590325917701 9758.073580374356 9864.70982847443 9972.462083156797 9917.314404615798 9171.320788196213 9271.090820394329 9370.86575509435 9470.645437350086 9570.429718669899 9754.005587449701 9765.020481289324 9777.04582171936 9790.077885287737 9804.112657451464 9819.145838615495 9835.172850540046 9852.188843094717 9870.18870133697 9889.167052891766 10009.65159233827 10102.13467540401 10194.75968328827 10287.52278247781 11138.47498538287 11187.96786731174 11238.13262957863 11288.96031528147 11340.442010786 11392.56884991265 11445.33201790145 11498.72275515851 11552.73236078808 11607.35219591445
5136.207258279206 5103.981289150657 4857.018118146153 4760.317741495835 4639.638994577056 4543.264245011509 1297.353074532912 1163.239012413184 1250.249975004999 1234.149504719748 1225.255075484285 1227.293770863358 1308.147545195113 1233.389638354401 100.0 0.0 200.0 300.0 795.6915231419774 614.9186938124421 550.567888638631 3325.093983634147 3296.39955102533 4350.0 4450.0 4650.0 4750.0 5032.953904020977 5007.556789493256 5000.06249960938 7108.62152600629 6958.807369082722 6809.001395212076 6659.204156654157 4602.445002387318 4502.49930594109 2673.013280924732 2524.381112272868 2375.920874103344 2227.666940994547 212.1320343559643 158.113883008419 2699.189693222764 2795.64393297859 2892.339018856538 4542.645154532764 4600.611372415628 4660.002682402662 7021.262350888193 6932.036136662878 6843.107846585497 6754.489247900244 6666.192691484398 6578.231145224376 6490.618229413898 6403.368254286177 6316.496259794666 6230.018057758742 4720.765298126989 4782.846955527639 3640.484171095927 3591.395968143864 3544.449886794846 3499.732132606723 3457.329171484833 3417.327171928377 3379.811385269894 3344.865468146664 3312.57075396134 3283.005482785553 2989.251578572804 3086.361125986394 5325.528142823019 5325.058685122634 5327.112257123928 5330.865314374393 5403.066259079191 5552.308078628203 6891.752317081628 6955.663160332018 7036.733972518785 7102.508359727569 7341.023430013011 7451.551851795705 7791.060582488112 8023.442216405624 6813.681090277119 6989.724601155614 6000.260411015509 6299.057469177433 6089.437576656813 6285.797483215634 6550.763314301625 6550.0 6700.186564566691 6701.678894127948 6553.052723731132 6556.866629724902 6597.963701021702 7242.237223399962 7289.204346154661 7338.937252763509 7391.380114701178 7862.887510323418 7918.648874650271 8070.935509592429 8127.115109311545 8032.745483332582 8091.044431963033 8260.183109350543 9582.927527639975 9687.620966986684 9793.492737527302 9900.505037623081 9879.176332063316 9178.677737016373 9278.368660491995 9378.0661652603 9477.770043633682 9577.480096559846 9744.004566911903 9754.005587449701 9765.020481289324 9777.04582171936 9790.077885287737 9804.112657451464 9819.145838615495 9835.172850540046 9852.188843094717 9870.18870133697 9971.866675803483 10064.69696513512 10157.6633631953 10250.76216678545 11089.66297954992 11138.47498538287 11187.96786731174 11238.13262957863 11288.96031528147 11340.442010786 11392.56884991265 11445.33201790145 11498.72275515851 11552.73236078808
