0.0 1150.0 2550.0 3700.0 5100.0 6250.0 7650.0 8800.0 9358.286648740783 8203.810090439685 6809.517530633136 5655.528268871088 4262.221134572912 3110.064308016797 1722.941960717191 604.1522986797286 9339.767127717907 9169.877316518472 8191.840452547889 7916.031834195716 7997.087594868522 6795.310883248831 6629.453220288986 5649.446875579944 5454.613643513168 5374.593938150118 4257.493394005444 4100.932820712868 3119.495151462813 2925.270927623628 2848.501360364779 1755.348968154196 1640.320090714004 742.4621202458749 588.7783963428006 605.4832780515083 1380.670127148408 3794.897890589416 6316.743623102017 8854.730374212419 10354.30041094037 9800.878430018403 8462.176847596604 8004.374928749902 7000.738318206159 6714.746309429716 6278.314821669904 6253.848255274507 6374.418012650253 6476.170550564585 6492.399402378138 6838.377366013081 6942.880166040603 7146.765002432919 8117.795575154624 8214.096724533989 8544.369491074225 9901.454691104736 9987.201059355919 10389.4778502098 10342.93236949754 10220.62864994125 10106.2480674086 10045.48460752392 8517.702154924178 8429.48693575119 8336.44108717863 8285.786685644278 7150.611861931817 7117.32042274338 7061.249889360948 7028.638630631112 6535.766978710303 6575.047528345328 6577.328485030986 6569.190284959022 7150.0 7241.892017974308 7591.113225344488 8050.621094052309 8782.511030451371 9496.578331167495 10471.15084410496 11338.54047044857 11926.71073682933 11045.36101718726 10051.78735350087 9310.343710089333 8534.367521966698 8023.091673413684 7591.931835837306 7420.411039827915 7688.001040582656 7664.150964066404 7692.93507056962 7855.65083236265 8177.570543871817 8181.064111715541 8268.086235641233 8761.064433046935 9361.888698334327 9387.513515303188 9515.579330760687 10237.49236873952 11019.17692026042 11060.10895063878 11213.21764704494 12077.30309299224 12035.84853676715 11827.77451594339 10233.50624175312 10069.32222148045 8808.669025454414 8711.55841396934 7966.53312300903 7962.176210057148 15738.32065374194 15381.73000673201 14563.36626608011 14304.20979991555 13765.66514920365 13624.54468964009 13412.69685782841 13403.39576376076 13524.1970186773 13626.08105802985 13680.14071565055 13633.27730224835 13748.96741577345 13853.98444491692 13984.32157811025 13956.76359332636 14428.07350272378 14532.74526715445 14730.28343243944 14721.45543076499 15501.91939728755 15603.63691579627 15855.79547042658 15863.67706428746 15798.93192592461 15725.17885430878 15683.46138452861 14703.78352669815 14650.63991776468 14618.9418563725 13992.89998534971 13964.46382787395 13944.92599478391 13725.02276865142 13726.1156195043 13719.09111421015
1150.0 0.0 1400.0 2550.0 3950.0 5100.0 6500.0 7650.0 8208.747102938425 7054.43123150265 5660.435407280963 4506.939094329987 3114.888280500602 1965.96032513375 607.8889701253017 650.0 8191.840452547889 8023.443774340292 7044.590122924115 6769.095951454669 6849.789047846656 5649.446875579944 5486.6793235982 4505.690846030162 4310.917535745726 4231.82702860124 3119.495151462813 2972.650332615661 1995.306993923492 1803.721153615492 1732.356776186707 742.4621202458749 758.0567261095966 816.2413858657254 1048.217534674936 963.2289447478206 725.4309064273455 2675.116819879087 5176.026468247626 7709.16662162649 9462.834511920833 8945.480311308052 7733.507419017583 7341.622300282139 6563.081364724957 6386.095677328989 6272.633976249531 6377.304916655625 6490.27002519926 6585.695483394294 6510.088325053663 6510.668552460646 6615.828368390462 6741.012535220507 7460.496297164151 7561.215841384242 7842.592046001118 9051.751487971816 9142.198039858904 9517.155562456674 9478.462428052348 9369.431679669797 9263.166305319148 9206.207742604987 7828.234155925587 7761.8457856363 7683.179680314654 7639.486959213949 6762.118750805845 6761.009540002144 6727.648177483718 6706.285186300982 6570.863717959763 6670.550951758033 6646.897772645522 6677.706267873723 7241.892017974308 7150.0 7285.773809280658 7591.113225344488 8168.537200747757 8782.511030451371 9662.94468575703 10471.15084410496 11047.73411157238 10220.68980059565 9311.789784998371 8660.83136886985 8023.18072836453 7652.613932506983 7418.788917336845 7424.284477308234 7736.760303899818 7700.675944357093 7700.405833460987 7692.93507056962 7858.737812142609 7850.223563695496 7912.727089948193 8268.086235641233 8755.972818596458 8772.491664287862 8884.326085866052 9515.579330760687 10226.40503793977 10261.19924765132 10404.62637483922 11213.21764704494 11187.07513159718 10996.41987194014 9533.029424060329 9395.810236483068 8343.359635063083 8285.303253351683 7832.601738886001 7875.039682439702 15166.68839925183 14851.33051278571 14152.39686413577 13944.16788481837 13548.32967564637 13465.60871256847 13410.0386651195 13461.44189899433 13579.18646311332 13678.47524397365 13696.94308960945 13641.70993680778 13588.94789893611 13693.0086175391 13789.71537052161 13753.40866839926 14068.7492336739 14173.9650415824 14342.63748408918 14325.5453648369 14973.47337794408 15076.77303006184 15305.92205651133 15306.57538445488 15262.08537520348 15197.08031169145 15159.5996319164 14331.47759304671 14289.02550911013 14262.57203312222 13815.07328970788 13798.77711973057 13785.26245669628 13771.02937328942 13759.58756649341 13771.38195679722
2550.0 1400.0 0.0 1150.0 2550.0 3700.0 5100.0 6250.0 6809.517530633136 5655.528268871088 4262.221134572912 3110.064308016797 1722.941960717191 604.1522986797286 880.6412436401102 2015.564437074637 6795.310883248831 6629.453220288986 5649.446875579944 5374.593938150118 5454.613643513168 4257.493394005444 4100.932820712868 3119.495151462813 2925.270927623628 2848.501360364779 1755.348968154196 1640.320090714004 742.4621202458749 605.4832780515083 588.7783963428006 1020.416581597928 1252.457584112133 2091.948852147203 2363.125049590055 2276.183208794934 1554.429155670981 1380.670127148408 3794.897890589416 6316.743623102017 8462.176847596604 8004.374928749902 7000.738318206159 6714.746309429716 6278.314821669904 6253.848255274507 6544.397374854311 6792.526628582327 6892.605095317735 6977.319327650125 6799.356587207351 6374.418012650253 6476.170550564585 6492.399402378138 6838.377366013081 6942.880166040603 7146.765002432919 8117.795575154624 8214.096724533989 8544.369491074225 8517.702154924178 8429.48693575119 8336.44108717863 8285.786685644278 7150.611861931817 7117.32042274338 7061.249889360948 7028.638630631112 6535.766978710303 6577.328485030986 6575.047528345328 6569.190284959022 6877.953910866225 7043.170450869409 6990.797522457648 7064.825617097707 7591.113225344488 7285.773809280658 7150.0 7241.892017974308 7591.113225344488 8050.621094052309 8782.511030451371 9496.578331167495 10051.78735350087 9310.343710089333 8534.367521966698 8023.091673413684 7591.931835837306 7420.411039827915 7446.101597480389 7665.50715869472 8021.412593801668 7972.051806153796 7937.647636422267 7724.716823288734 7688.001040582656 7664.150964066404 7692.93507056962 7855.65083236265 8177.570543871817 8181.064111715541 8268.086235641233 8761.064433046935 9361.888698334327 9387.513515303188 9515.579330760687 10237.49236873952 10233.50624175312 10069.32222148045 8808.669025454414 8711.55841396934 7966.53312300903 7962.176210057148 7895.799516198471 7994.138477659741 14563.36626608011 14304.20979991555 13765.66514920365 13624.54468964009 13412.69685782841 13403.39576376076 13539.28864453373 13663.04570730845 13776.01920004469 13871.27553615744 13846.88593150099 13782.09889675734 13524.1970186773 13626.08105802985 13680.14071565055 13633.27730224835 13748.96741577345 13853.98444491692 13984.32157811025 13956.76359332636 14428.07350272378 14532.74526715445 14730.28343243944 14721.45543076499 14703.78352669815 14650.63991776468 14618.9418563725 13992.89998534971 13964.46382787395 13944.92599478391 13726.1156195043 13725.02276865142 13719.09111421015 13955.33052277874 13928.97160597293 13963.20024206485
3700.0 2550.0 1150.0 0.0 1400.0 2550.0 3950.0 5100.0 5660.435407280963 4506.939094329987 3114.888280500602 1965.96032513375 607.8889701253017 650.0 2010.35544120934 3159.905061864992 5649.446875579944 5486.6793235982 4505.690846030162 4231.82702860124 4310.917535745726 3119.495151462813 2972.650332615661 1995.306993923492 1803.721153615492 1732.356776186707 742.4621202458749 758.0567261095966 816.2413858657254 963.2289447478206 1048.217534674936 2091.948852147203 2306.003035557412 3218.112801006205 3493.058831454174 3406.93557320945 2627.023029971378 725.4309064273455 2675.116819879087 5176.026468247626 7733.507419017583 7341.622300282139 6563.081364724957 6386.095677328989 6272.633976249531 6377.304916655625 6973.007744151731 7318.662309466123 7406.983529075787 7481.883786854752 7233.688547345676 6490.27002519926 6585.695483394294 6510.088325053663 6510.668552460646 6615.828368390462 6741.012535220507 7460.496297164151 7561.215841384242 7842.592046001118 7828.234155925587 7761.8457856363 7683.179680314654 7639.486959213949 6762.118750805845 6761.009540002144 6727.648177483718 6706.285186300982 6570.863717959763 6646.897772645522 6670.550951758033 6677.706267873723 7323.335988468643 7532.346911819715 7460.311655688387 7564.010906919688 8050.621094052309 7591.113225344488 7241.892017974308 7150.0 7285.773809280658 7591.113225344488 8168.537200747757 8782.511030451371 9311.789784998371 8660.83136886985 8023.18072836453 7652.613932506983 7418.788917336845 7424.284477308234 7662.273096151037 8042.543130129921 8423.785372384555 8365.39359504381 8305.796168941302 7937.647636422267 7736.760303899818 7700.675944357093 7700.405833460987 7692.93507056962 7858.737812142609 7850.223563695496 7912.727089948193 8268.086235641233 8755.972818596458 8772.491664287862 8884.326085866052 9515.579330760687 9533.029424060329 9395.810236483068 8343.359635063083 8285.303253351683 7832.601738886001 7875.039682439702 8129.738618184474 8269.900241236288 14152.39686413577 13944.16788481837 13548.32967564637 13465.60871256847 13410.0386651195 13461.44189899433 13751.58307250478 13932.09309472198 14040.44532769527 14131.8040249644 14073.42353516016 14001.473136781 13579.18646311332 13678.47524397365 13696.94308960945 13641.70993680778 13588.94789893611 13693.0086175391 13789.71537052161 13753.40866839926 14068.7492336739 14173.9650415824 14342.63748408918 14325.5453648369 14331.47759304671 14289.02550911013 14262.57203312222 13815.07328970788 13798.77711973057 13785.26245669628 13759.58756649341 13771.02937328942 13771.38195679722 14208.49217897522 14170.4357731158 14222.28747424267
5100.0 3950.0 2550.0 1400.0 0.0 1150.0 2550.0 3700.0 4262.221134572912 3110.064308016797 1722.941960717191 604.1522986797286 880.6412436401102 2015.564437074637 3404.045975012676 4556.862956025779 4257.493394005444 4100.932820712868 3119.495151462813 2848.501360364779 2925.270927623628 1755.348968154196 1640.320090714004 742.4621202458749 605.4832780515083 588.7783963428006 1020.416581597928 1252.457584112133 2091.948852147203 2276.183208794934 2363.125049590055 3465.00360750173 3667.64911080654 4605.024429902625 4881.296958801011 4795.874268577107 3991.396998545747 1554.429155670981 1380.670127148408 3794.897890589416 7000.738318206159 6714.746309429716 6278.314821669904 6253.848255274507 6544.397374854311 6792.526628582327 7697.144730352938 8134.569318654799 8209.007552682602 8272.253925019468 7957.15087201443 6892.605095317735 6977.319327650125 6799.356587207351 6374.418012650253 6476.170550564585 6492.399402378138 6838.377366013081 6942.880166040603 7146.765002432919 7150.611861931817 7117.32042274338 7061.249889360948 7028.638630631112 6535.766978710303 6577.328485030986 6575.047528345328 6569.190284959022 6877.953910866225 6990.797522457648 7043.170450869409 7064.825617097707 8056.131205485671 8305.796168941302 8215.001521606677 8347.110937324363 8782.511030451371 8168.537200747757 7591.113225344488 7285.773809280658 7150.0 7241.892017974308 7591.113225344488 8050.621094052309 8534.367521966698 8023.091673413684 7591.931835837306 7420.411039827915 7446.101597480389 7665.50715869472 8139.805218799772 8686.91544795965 9087.67076868435 9020.698975134908 8935.113317692172 8404.537464964982 8021.412593801668 7972.051806153796 7937.647636422267 7724.716823288734 7688.001040582656 7664.150964066404 7692.93507056962 7855.65083236265 8177.570543871817 8181.064111715541 8268.086235641233 8761.064433046935 8808.669025454414 8711.55841396934 7966.53312300903 7962.176210057148 7895.799516198471 7994.138477659741 8615.488958846156 8798.934594597235 13765.66514920365 13624.54468964009 13412.69685782841 13403.39576376076 13539.28864453373 13663.04570730845 14132.55946387632 14377.46910968686 14479.58925522406 14565.69548631304 14468.28427976172 14388.58054152667 13776.01920004469 13871.27553615744 13846.88593150099 13782.09889675734 13524.1970186773 13626.08105802985 13680.14071565055 13633.27730224835 13748.96741577345 13853.98444491692 13984.32157811025 13956.76359332636 13992.89998534971 13964.46382787395 13944.92599478391 13726.1156195043 13725.02276865142 13719.09111421015 13928.97160597293 13955.33052277874 13963.20024206485 14633.22418334387 14581.88088005111 14653.78657548963
6250.0 5100.0 3700.0 2550.0 1150.0 0.0 1400.0 2550.0 3114.888280500602 1965.96032513375 607.8889701253017 650.0 2010.35544120934 3159.905061864992 4551.761087754936 5705.4798220658 3119.495151462813 2972.650332615661 1995.306993923492 1732.356776186707 1803.721153615492 742.4621202458749 758.0567261095966 816.2413858657254 963.2289447478206 1048.217534674936 2091.948852147203 2306.003035557412 3218.112801006205 3406.93557320945 3493.058831454174 4605.024429902625 4802.671131776566 5749.021655899376 6025.708257126294 5940.674204162353 5126.524163602469 2627.023029971378 725.4309064273455 2675.116819879087 6563.081364724957 6386.095677328989 6272.633976249531 6377.304916655625 6973.007744151731 7318.662309466123 8420.495056705395 8914.068543600055 8978.20722638991 9032.76175928492 8676.188679368379 7406.983529075787 7481.883786854752 7233.688547345676 6490.27002519926 6585.695483394294 6510.088325053663 6510.668552460646 6615.828368390462 6741.012535220507 6762.118750805845 6761.009540002144 6727.648177483718 6706.285186300982 6570.863717959763 6646.897772645522 6670.550951758033 6677.706267873723 7323.335988468643 7460.311655688387 7532.346911819715 7564.010906919688 8780.162299183314 9054.349783391406 8951.88527629795 9101.744942592053 9496.578331167495 8782.511030451371 8050.621094052309 7591.113225344488 7241.892017974308 7150.0 7285.773809280658 7591.113225344488 8023.18072836453 7652.613932506983 7418.788917336845 7424.284477308234 7662.273096151037 8042.543130129921 8682.593448964428 9340.770846134703 9750.27486792039 9678.027174998011 9575.032637020095 8935.113317692172 8423.785372384555 8365.39359504381 8305.796168941302 7937.647636422267 7736.760303899818 7700.675944357093 7700.405833460987 7692.93507056962 7858.737812142609 7850.223563695496 7912.727089948193 8268.086235641233 8343.359635063083 8285.303253351683 7832.601738886001 7875.039682439702 8129.738618184474 8269.900241236288 9156.454007966184 9368.631170026922 13548.32967564637 13465.60871256847 13410.0386651195 13461.44189899433 13751.58307250478 13932.09309472198 14539.18625645878 14832.43129092463 14929.12941199185 15010.66570808903 14883.58995672751 14798.35294889266 14040.44532769527 14131.8040249644 14073.42353516016 14001.473136781 13579.18646311332 13678.47524397365 13696.94308960945 13641.70993680778 13588.94789893611 13693.0086175391 13789.71537052161 13753.40866839926 13815.07328970788 13798.77711973057 13785.26245669628 13759.58756649341 13771.02937328942 13771.38195679722 14170.4357731158 14208.49217897522 14222.28747424267 15070.70834433471 15009.37207214213 15096.38900532177
7650.0 6500.0 5100.0 3950.0 2550.0 1400.0 0.0 1150.0 1722.941960717191 604.1522986797286 880.6412436401102 2015.564437074637 3404.045975012676 4556.862956025779 5950.170501758752 7104.400045042508 1755.348968154196 1640.320090714004 742.4621202458749 588.7783963428006 605.4832780515083 1020.416581597928 1252.457584112133 2091.948852147203 2276.183208794934 2363.125049590055 3465.00360750173 3667.64911080654 4605.024429902625 4795.874268577107 4881.296958801011 5998.020506800556 6191.901969508238 7144.315922465915 7421.237093638769 7336.539374936933 6515.462378066502 3991.396998545747 1554.429155670981 1380.670127148408 6278.314821669904 6253.848255274507 6544.397374854311 6792.526628582327 7697.144730352938 8134.569318654799 9416.365381610889 9960.372382596948 10013.62097345411 10058.94552127607 9664.690890038853 8209.007552682602 8272.253925019468 7957.15087201443 6892.605095317735 6977.319327650125 6799.356587207351 6374.418012650253 6476.170550564585 6492.399402378138 6535.766978710303 6577.328485030986 6575.047528345328 6569.190284959022 6877.953910866225 6990.797522457648 7043.170450869409 7064.825617097707 8056.131205485671 8215.001521606677 8305.796168941302 8347.110937324363 9772.474098200517 10068.32905699849 9955.212202660474 10121.35173778681 10471.15084410496 9662.94468575703 8782.511030451371 8168.537200747757 7591.113225344488 7285.773809280658 7150.0 7241.892017974308 7591.931835837306 7420.411039827915 7446.101597480389 7665.50715869472 8139.805218799772 8686.91544795965 9490.702239560569 10255.24256173397 10669.27645156878 10592.32788389785 10472.40421297803 9726.574422683456 9087.67076868435 9020.698975134908 8935.113317692172 8404.537464964982 8021.412593801668 7972.051806153796 7937.647636422267 7724.716823288734 7688.001040582656 7664.150964066404 7692.93507056962 7855.65083236265 7966.53312300903 7962.176210057148 7895.799516198471 7994.138477659741 8615.488958846156 8798.934594597235 9955.634083271643 10195.15816454066 13412.69685782841 13403.39576376076 13539.28864453373 13663.04570730845 14132.55946387632 14377.46910968686 15137.73883378888 15483.84377343042 15573.80188008053 15649.65446902902 15489.71432919278 15398.74183172119 14479.58925522406 14565.69548631304 14468.28427976172 14388.58054152667 13776.01920004469 13871.27553615744 13846.88593150099 13782.09889675734 13524.1970186773 13626.08105802985 13680.14071565055 13633.27730224835 13726.1156195043 13725.02276865142 13719.09111421015 13928.97160597293 13955.33052277874 13963.20024206485 14581.88088005111 14633.22418334387 14653.78657548963 15700.83596500518 15628.53959907963 15732.16326510757
8800.0 7650.0 6250.0 5100.0 3700.0 2550.0 1150.0 0.0 607.8889701253017 650.0 2010.35544120934 3159.905061864992 4551.761087754936 5705.4798220658 7099.332996838506 8253.787009609588 742.4621202458749 758.0567261095966 816.2413858657254 1048.217534674936 963.2289447478206 2091.948852147203 2306.003035557412 3218.112801006205 3406.93557320945 3493.058831454174 4605.024429902625 4802.671131776566 5749.021655899376 5940.674204162353 6025.708257126294 7144.315922465915 7336.119546463239 8291.63735338202 8568.65567052382 8484.16230396378 7659.389662368667 5126.524163602469 2627.023029971378 725.4309064273455 6272.633976249531 6377.304916655625 6973.007744151731 7318.662309466123 8420.495056705395 8914.068543600055 10304.93265383137 10879.49530079406 10925.10892394213 10963.94021326275 10546.62268216703 8978.20722638991 9032.76175928492 8676.188679368379 7406.983529075787 7481.883786854752 7233.688547345676 6490.27002519926 6585.695483394294 6510.088325053663 6570.863717959763 6646.897772645522 6670.550951758033 6677.706267873723 7323.335988468643 7460.311655688387 7532.346911819715 7564.010906919688 8780.162299183314 8951.88527629795 9054.349783391406 9101.744942592053 10656.27749263316 10965.00113999082 10845.33309769691 11021.53623593372 11338.54047044857 10471.15084410496 9496.578331167495 8782.511030451371 8050.621094052309 7591.113225344488 7241.892017974308 7150.0 7418.788917336845 7424.284477308234 7662.273096151037 8042.543130129921 8682.593448964428 9340.770846134703 10250.33799442731 11082.53129930162 11496.98047315033 11417.25054468019 11286.33022731481 10472.40421297803 9750.27486792039 9678.027174998011 9575.032637020095 8935.113317692172 8423.785372384555 8365.39359504381 8305.796168941302 7937.647636422267 7736.760303899818 7700.675944357093 7700.405833460987 7692.93507056962 7832.601738886001 7875.039682439702 8129.738618184474 8269.900241236288 9156.454007966184 9368.631170026922 10704.84236222094 10961.58063419688 13410.0386651195 13461.44189899433 13751.58307250478 13932.09309472198 14539.18625645878 14832.43129092463 15705.88542553396 16090.48843261136 16174.94064904103 16246.14677392766 16061.95037970171 15967.03635619334 14929.12941199185 15010.66570808903 14883.58995672751 14798.35294889266 14040.44532769527 14131.8040249644 14073.42353516016 14001.473136781 13579.18646311332 13678.47524397365 13696.94308960945 13641.70993680778 13759.58756649341 13771.02937328942 13771.38195679722 14170.4357731158 14208.49217897522 14222.28747424267 15009.37207214213 15070.70834433471 15096.38900532177 16290.37292390816 16210.06631695256 16325.85253516642
9358.286648740783 8208.747102938425 6809.517530633136 5660.435407280963 4262.221134572912 3114.888280500602 1722.941960717191 607.8889701253017 0.0 1155.001731600434 2550.0 3705.000539811027 5100.0 6255.000319744197 7650.0 8805.000227143666 278.6198126479881 475.8455631820055 1212.07631772921 1484.804700962386 1398.197768557796 2594.827354565232 2792.835297685848 3740.271246848282 3932.53823884778 4017.193672204516 5137.47301696077 5327.140790330212 6286.106028377186 6479.178728820498 6563.234339866282 7684.993754063825 7871.589991863143 8834.343722088246 9111.48972451816 9027.716045600902 8193.8958377563 5650.170705385812 3116.717664466899 713.0420744949066 6100.80338971844 6271.27491025549 7023.332684701758 7419.716234466114 8627.838779207688 9153.168249300348 10609.28847755588 11203.29366748904 11243.44520153854 11277.65879959134 10845.73321633904 9210.578700602911 9259.475579102738 8879.438552070733 7500.630640152866 7569.358493293867 7284.499227812437 6378.805530818447 6469.736316110572 6347.316677147911 6416.35636479147 6509.364715546364 6546.245412448268 6560.111736853268 7379.371856736859 7528.434697863826 7610.770591733796 7647.749080611889 8985.85716556857 9164.487383372842 9273.582317529726 9324.487438996312 10956.32826269823 11272.9689523213 11149.14028075708 11331.7724121163 11625.55929837356 10721.92282195689 9692.5553390218 8922.815082696716 8108.182842042969 7568.264596325897 7109.4745938079 6924.278229534108 7150.0 7244.662103921755 7591.113225344488 8054.69608365207 8782.511030451371 9501.37511100367 10471.15084410496 11343.68233864119 11757.19120368466 11675.86643465914 11538.16402206174 10683.76005908032 9914.047861494315 9839.001829454042 9726.187793786423 9026.473785482347 8446.901502918097 8383.976204641805 8311.030561849715 7862.361540911229 7577.396980494027 7535.327265620253 7520.154852129043 7427.060589492993 7579.90956410431 7645.392664866861 8064.026847673562 8225.41968534129 9252.406659891252 9479.874946432574 10917.4415043086 11184.07479409897 13196.8406067513 13278.66292214694 13647.85704790316 13858.07306229838 14538.789564472 14858.48205571484 15795.37280345101 16202.09211799513 16283.10044186917 16351.40630037674 16153.16467445312 16056.10566108731 14951.89151913563 15030.66159555194 14887.21696624322 14799.08878951674 13963.65854638389 14052.68970695646 13976.36322510259 13900.81037206105 13394.5309734981 13492.23435906744 13492.71021700236 13433.42953232718 13563.56992093158 13581.30807396695 13584.83956475011 14081.04857601166 14125.24084750416 14142.16624142143 15019.53491290593 15086.34909446285 15114.85580480343 16391.41327036812 16306.49959372029 16429.29901121773
8203.810090439685 7054.43123150265 5655.528268871088 4506.939094329987 3110.064308016797 1965.96032513375 604.1522986797286 650.0 1155.001731600434 0.0 1395.00143369102 2550.0 3945.000506970817 5100.0 6495.000307929169 7650.0 1158.123482190047 1036.170835335564 276.1340254296815 414.5600077190273 337.6536687198882 1451.292527369999 1660.316234938393 2589.642832515712 2780.900933150981 2866.105371405594 3984.50122349084 4176.679302987003 5132.372745621658 5325.205160367063 5409.460231853082 6530.792448087751 6718.455923796777 7679.925129843389 7957.069812437239 7873.195666309837 7041.040406076363 4500.138886745608 1982.738005889835 785.0159234053791 5999.261371202291 6038.411877306814 6496.771275025772 6804.058935664799 7837.725243972259 8314.62675049217 9677.646253092742 10245.77073723593 10293.00272029499 10333.25142440655 9921.000453583298 8381.891492974602 8439.128213269425 8095.137429346089 6897.19544452671 6976.151159486153 6755.830814933127 6155.607606077568 6254.557138599023 6225.45179083414 6277.43976474486 6336.106848846538 6346.751137393052 6347.421602509164 6841.143910195136 6968.590244805617 7032.869257991364 7060.613358625439 8197.636854606331 8365.479663474176 8464.410788708214 8509.98008223286 10030.26669635459 10336.16224717859 10217.9376588429 10391.93249593164 10716.80922663084 9864.70982847443 8918.099573339603 8237.718130647589 7564.390259630977 7170.251041630272 6921.88558125602 6926.037828369117 7240.713293592006 7150.0 7282.851707950671 7591.113225344488 8164.369479635277 8782.511030451371 9658.101728600708 10471.15084410496 10885.70898012619 10806.70208713093 10678.77567888754 9884.647186419958 9189.448296823917 9118.95882214631 9021.987031690967 8422.069223177876 7962.302430829916 7907.655151813336 7858.832610509019 7560.505935451674 7440.131719264115 7410.236838320351 7425.042087422805 7509.743670725386 7633.71796701974 7650.571874049678 7743.167956334151 7864.238678982219 8639.713536917761 8841.167909275335 10116.20729324978 10367.79870560767 13149.11924807133 13169.19959602709 13383.43143592106 13537.37854977839 14083.25732918347 14356.12823849104 15184.36817915056 15554.45974632356 15641.02314428311 15714.01874123867 15539.02345709022 15445.58998549424 14455.16533976696 14538.67892898113 14424.15508790723 14341.24297262967 13647.96706473166 13741.21482984674 13698.76819279748 13630.15957353398 13288.61185376411 13389.31607663364 13426.14054745443 13375.21027872086 13480.21698638416 13485.22339451594 13482.35739772537 13788.80886806398 13821.40550016531 13832.44233676758 14544.80147681638 14601.92624279413 14625.45592451736 15760.90892049059 15683.63000073644 15794.82386733072
6809.517530633136 5660.435407280963 4262.221134572912 3114.888280500602 1722.941960717191 607.8889701253017 880.6412436401102 2010.35544120934 2550.0 1395.00143369102 0.0 1155.001731600434 2550.0 3705.000539811027 5100.0 6255.000319744197 2535.17829747732 2378.640157737189 1397.722790827995 1129.798654628337 1204.183125608394 278.6198126479881 475.8455631820055 1212.07631772921 1398.197768557796 1484.804700962386 2594.827354565232 2792.835297685848 3740.271246848282 3932.53823884778 4017.193672204516 5137.47301696077 5327.140790330212 6286.106028377186 6563.234339866282 6479.178728820498 5650.170705385812 3116.717664466899 713.0420744949066 2075.555106471519 6173.929218901039 6050.668475466161 6100.80338971844 6271.27491025549 7023.332684701758 7419.716234466114 8627.838779207688 9153.168249300348 9210.578700602911 9259.475579102738 8879.438552070733 7500.630640152866 7569.358493293867 7284.499227812437 6378.805530818447 6469.736316110572 6347.316677147911 6174.452202422495 6278.916148508435 6365.369510091304 6394.460806041428 6408.691676153566 6386.534976025732 6370.797909210431 6416.35636479147 6509.364715546364 6546.245412448268 6560.111736853268 7379.371856736859 7528.434697863826 7610.770591733796 7647.749080611889 8985.85716556857 9273.582317529726 9164.487383372842 9324.487438996312 9692.5553390218 8922.815082696716 8108.182842042969 7568.264596325897 7109.4745938079 6924.278229534108 6953.533562153849 7184.540973506937 7591.113225344488 7286.777682899348 7150.0 7244.662103921755 7591.113225344488 8054.69608365207 8782.511030451371 9501.37511100367 9914.047861494315 9839.001829454042 9726.187793786423 9026.473785482347 8446.901502918097 8383.976204641805 8311.030561849715 7862.361540911229 7577.396980494027 7535.327265620253 7520.154852129043 7427.060589492993 7515.899480434794 7501.75026243876 7552.299583570556 7842.87759690281 7930.102710558042 7889.963814872664 7579.90956410431 7645.392664866861 8064.026847673562 8225.41968534129 9252.406659891252 9479.874946432574 13230.80503975476 13175.90941832859 13196.8406067513 13278.66292214694 13647.85704790316 13858.07306229838 14538.789564472 14858.48205571484 14951.89151913563 15030.66159555194 14887.21696624322 14799.08878951674 13963.65854638389 14052.68970695646 13976.36322510259 13900.81037206105 13394.5309734981 13492.23435906744 13492.71021700236 13433.42953232718 13298.42697464629 13401.77928485617 13482.31170830878 13441.96894059795 13515.54397721379 13505.05198064784 13494.43833584785 13563.56992093158 13581.30807396695 13584.83956475011 14081.04857601166 14125.24084750416 14142.16624142143 15086.34909446285 15019.53491290593 15114.85580480343
5655.528268871088 4506.939094329987 3110.064308016797 1965.96032513375 604.1522986797286 650.0 2015.564437074637 3159.905061864992 3705.000539811027 2550.0 1155.001731600434 0.0 1395.00143369102 2550.0 3945.000506970817 5100.0 3685.274752308164 3520.745659657908 2539.931101427753 2265.86848691622 2345.124730158292 1158.123482190047 1036.170835335564 276.1340254296815 337.6536687198882 414.5600077190273 1451.292527369999 1660.316234938393 2589.642832515712 2780.900933150981 2866.105371405594 3984.50122349084 4176.679302987003 5132.372745621658 5409.460231853082 5325.205160367063 4500.138886745608 1982.738005889835 785.0159234053791 3210.334873498402 6540.583842440979 6295.603068809214 5999.261371202291 6038.411877306814 6496.771275025772 6804.058935664799 7837.725243972259 8314.62675049217 8381.891492974602 8439.128213269425 8095.137429346089 6897.19544452671 6976.151159486153 6755.830814933127 6155.607606077568 6254.557138599023 6225.45179083414 6420.023753850137 6525.127201825264 6698.973802008783 6709.415026662161 6688.516277919939 6641.253646714602 6613.037199350991 6277.43976474486 6336.106848846538 6346.751137393052 6347.421602509164 6841.143910195136 6968.590244805617 7032.869257991364 7060.613358625439 8197.636854606331 8464.410788708214 8365.479663474176 8509.98008223286 8918.099573339603 8237.718130647589 7564.390259630977 7170.251041630272 6921.88558125602 6926.037828369117 7184.010022264724 7585.018127862319 8051.144577015121 7591.113225344488 7240.713293592006 7150.0 7282.851707950671 7591.113225344488 8164.369479635277 8782.511030451371 9189.448296823917 9118.95882214631 9021.987031690967 8422.069223177876 7962.302430829916 7907.655151813336 7858.832610509019 7560.505935451674 7440.131719264115 7410.236838320351 7425.042087422805 7509.743670725386 7766.457364847888 7765.127816076179 7842.592046001118 8284.699753159435 8342.40073360181 8259.615608489295 7633.71796701974 7650.571874049678 7743.167956334151 7864.238678982219 8639.713536917761 8841.167909275335 13404.75426854219 13289.09394955126 13149.11924807133 13169.19959602709 13383.43143592106 13537.37854977839 14083.25732918347 14356.12823849104 14455.16533976696 14538.67892898113 14424.15508790723 14341.24297262967 13647.96706473166 13741.21482984674 13698.76819279748 13630.15957353398 13288.61185376411 13389.31607663364 13426.14054745443 13375.21027872086 13413.14299483905 13517.8247140581 13633.46067585189 13602.06785749873 13649.40474892587 13626.30727673495 13609.42544709364 13480.21698638416 13485.22339451594 13482.35739772537 13788.80886806398 13821.40550016531 13832.44233676758 14601.92624279413 14544.80147681638 14625.45592451736
4262.221134572912 3114.888280500602 1722.941960717191 607.8889701253017 880.6412436401102 2010.35544120934 3404.045975012676 4551.761087754936 5100.0 3945.000506970817 2550.0 1395.00143369102 0.0 1155.001731600434 2550.0 3705.000539811027 5077.561324100379 4908.607643721384 3929.774675474409 3654.209216780013 3734.990896909924 2535.17829747732 2378.640157737189 1397.722790827995 1204.183125608394 1129.798654628337 278.6198126479881 475.8455631820055 1212.07631772921 1398.197768557796 1484.804700962386 2594.827354565232 2792.835297685848 3740.271246848282 4017.193672204516 3932.53823884778 3116.717664466899 713.0420744949066 2075.555106471519 4594.826329688643 7212.489306751172 6848.159533772559 6173.929218901039 6050.668475466161 6100.80338971844 6271.27491025549 7023.332684701758 7419.716234466114 7500.630640152866 7569.358493293867 7284.499227812437 6378.805530818447 6469.736316110572 6347.316677147911 6174.452202422495 6278.916148508435 6365.369510091304 6968.755986544514 7070.861899372664 7331.604803861157 7322.132817697314 7264.697447244448 7192.171368926077 7151.507952872596 6394.460806041428 6408.691676153566 6386.534976025732 6370.797909210431 6416.35636479147 6509.364715546364 6546.245412448268 6560.111736853268 7379.371856736859 7610.770591733796 7528.434697863826 7647.749080611889 8108.182842042969 7568.264596325897 7109.4745938079 6924.278229534108 6953.533562153849 7184.540973506937 7691.789713714227 8264.056449468384 8782.511030451371 8167.871754624946 7591.113225344488 7286.777682899348 7150.0 7244.662103921755 7591.113225344488 8054.69608365207 8446.901502918097 8383.976204641805 8311.030561849715 7862.361540911229 7577.396980494027 7535.327265620253 7520.154852129043 7427.060589492993 7515.899480434794 7501.75026243876 7552.299583570556 7842.87759690281 8280.431450111764 8293.15121048688 8398.01934982291 8992.509605221449 9017.928198871401 8891.345736163901 7930.102710558042 7889.963814872664 7579.90956410431 7645.392664866861 8064.026847673562 8225.41968534129 13746.15589901409 13560.65223357638 13230.80503975476 13175.90941832859 13196.8406067513 13278.66292214694 13647.85704790316 13858.07306229838 13963.65854638389 14052.68970695646 13976.36322510259 13900.81037206105 13394.5309734981 13492.23435906744 13492.71021700236 13433.42953232718 13298.42697464629 13401.77928485617 13482.31170830878 13441.96894059795 13685.3154877774 13790.57605758367 13946.22633546437 13925.55309494025 13941.82301566047 13904.16948256889 13880.08883256876 13515.54397721379 13505.05198064784 13494.43833584785 13563.56992093158 13581.30807396695 13584.83956475011 14125.24084750416 14081.04857601166 14142.16624142143
3110.064308016797 1965.96032513375 604.1522986797286 650.0 2015.564437074637 3159.905061864992 4556.862956025779 5705.4798220658 6255.000319744197 5100.0 3705.000539811027 2550.0 1155.001731600434 0.0 1395.00143369102 2550.0 6231.071336455714 6059.921616654789 5082.44527761982 4806.397819573407 4887.761246214876 3685.274752308164 3520.745659657908 2539.931101427753 2345.124730158292 2265.86848691622 1158.123482190047 1036.170835335564 276.1340254296815 337.6536687198882 414.5600077190273 1451.292527369999 1660.316234938393 2589.642832515712 2866.105371405594 2780.900933150981 1982.738005889835 785.0159234053791 3210.334873498402 5744.671444042731 7910.267821003281 7470.730754082896 6540.583842440979 6295.603068809214 5999.261371202291 6038.411877306814 6496.771275025772 6804.058935664799 6897.19544452671 6976.151159486153 6755.830814933127 6155.607606077568 6254.557138599023 6225.45179083414 6420.023753850137 6525.127201825264 6698.973802008783 7585.967637684727 7683.754616071495 8000.078124618534 7976.919831614206 7895.014249512156 7806.167433510506 7757.56153697797 6709.415026662161 6688.516277919939 6641.253646714602 6613.037199350991 6277.43976474486 6336.106848846538 6346.751137393052 6347.421602509164 6841.143910195136 7032.869257991364 6968.590244805617 7060.613358625439 7564.390259630977 7170.251041630272 6921.88558125602 6926.037828369117 7184.010022264724 7585.018127862319 8265.13762740827 8949.860334105779 9498.364543435886 8782.511030451371 8051.144577015121 7591.113225344488 7240.713293592006 7150.0 7282.851707950671 7591.113225344488 7962.302430829916 7907.655151813336 7858.832610509019 7560.505935451674 7440.131719264115 7410.236838320351 7425.042087422805 7509.743670725386 7766.457364847888 7765.127816076179 7842.592046001118 8284.699753159435 8847.890143983479 8870.614973044429 8993.678335364235 9689.233715831197 9691.36987221105 9535.001310959533 8342.40073360181 8259.615608489295 7633.71796701974 7650.571874049678 7743.167956334151 7864.238678982219 14123.75789228915 13884.42357463932 13404.75426854219 13289.09394955126 13149.11924807133 13169.19959602709 13383.43143592106 13537.37854977839 13647.96706473166 13741.21482984674 13698.76819279748 13630.15957353398 13288.61185376411 13389.31607663364 13426.14054745443 13375.21027872086 13413.14299483905 13517.8247140581 13633.46067585189 13602.06785749873 14008.66178476731 14113.62409163571 14299.86888051775 14287.80074049187 14279.39949717774 14230.46907167856 14200.84367212033 13649.40474892587 13626.30727673495 13609.42544709364 13480.21698638416 13485.22339451594 13482.35739772537 13821.40550016531 13788.80886806398 13832.44233676758
1722.941960717191 607.8889701253017 880.6412436401102 2010.35544120934 3404.045975012676 4551.761087754936 5950.170501758752 7099.332996838506 7650.0 6495.000307929169 5100.0 3945.000506970817 2550.0 1395.00143369102 0.0 1155.001731600434 7625.033049108705 7452.243219326648 6475.926883466181 6199.600390347752 6281.341974451001 5077.561324100379 4908.607643721384 3929.774675474409 3734.990896909924 3654.209216780013 2535.17829747732 2378.640157737189 1397.722790827995 1204.183125608394 1129.798654628337 278.6198126479881 475.8455631820055 1212.07631772921 1484.804700962386 1398.197768557796 713.0420744949066 2075.555106471519 4594.826329688643 7135.960271750397 8884.12077810742 8377.886905419527 7212.489306751172 6848.159533772559 6173.929218901039 6050.668475466161 6100.80338971844 6271.27491025549 6378.805530818447 6469.736316110572 6347.316677147911 6174.452202422495 6278.916148508435 6365.369510091304 6968.755986544514 7070.861899372664 7331.604803861157 8485.76808544754 8577.551398855037 8943.820716002752 8907.476017368781 8802.575134584198 8698.9556269704 8643.267090631874 7322.132817697314 7264.697447244448 7192.171368926077 7151.507952872596 6394.460806041428 6408.691676153566 6386.534976025732 6370.797909210431 6416.35636479147 6546.245412448268 6509.364715546364 6560.111736853268 7109.4745938079 6924.278229534108 6953.533562153849 7184.540973506937 7691.789713714227 8264.056449468384 9109.370395367618 9898.314452471188 10471.15084410496 9661.062519205638 8782.511030451371 8167.871754624946 7591.113225344488 7286.777682899348 7150.0 7244.662103921755 7577.396980494027 7535.327265620253 7520.154852129043 7427.060589492993 7515.899480434794 7501.75026243876 7552.299583570556 7842.87759690281 8280.431450111764 8293.15121048688 8398.01934982291 8992.509605221449 9677.155832164737 9709.863902238794 9849.935482022205 10640.71092549741 10619.06441264954 10433.86452854358 9017.928198871401 8891.345736163901 7930.102710558042 7889.963814872664 7579.90956410431 7645.392664866861 14692.32459483522 14393.85247249672 13746.15589901409 13560.65223357638 13230.80503975476 13175.90941832859 13196.8406067513 13278.66292214694 13394.5309734981 13492.23435906744 13492.71021700236 13433.42953232718 13298.42697464629 13401.77928485617 13482.31170830878 13441.96894059795 13685.3154877774 13790.57605758367 13946.22633546437 13925.55309494025 14516.63046302412 14620.44075942993 14840.03803903481 14837.80741888774 14801.48401343595 14740.09596305262 14704.38254399007 13941.82301566047 13904.16948256889 13880.08883256876 13515.54397721379 13505.05198064784 13494.43833584785 13581.30807396695 13563.56992093158 13584.83956475011
