0.0 1118.033988749895 3621.118611699981 3891.336531321854 5205.849882584015 4884.327282236521 4650.0 4975.188438642299 6247.599539022968 6408.002808988148 8009.313890714984 7803.151158346222 8500.0 8664.438816218855 9414.483522743029 9521.685775113565 9030.64228059112 9408.108205160057 6180.008090609591 5561.025085359713 3832.75357934736 3050.0 1931.320791582797 4750.0 4366.062299143246 6791.538853603062 7403.039916142558 8290.921118910734 7409.632447024616 6647.179853140728 6524.185772952821 8487.932610477064 8984.70923291344 10286.23395611825 9587.787440280474 9737.171047075224 9637.68644437035 11029.27921488979 11415.99754730177 11536.46392964499 12092.35295548389 9793.109822727405 9080.886520599186 8508.965859609498 7800.0 6587.29838401146 9500.0 9055.385138137417 11147.30909233255 11814.92699935129 12470.07910961274 11448.74023637535 10576.97972012805 10271.44098946199 12254.89698039114 12865.16614739196 13877.64781942531 12964.84353935673 12747.54878398196 12482.88828757191 14134.44374568734 14666.71401507509 15157.58885839037 15781.71410208663 14097.60617977393 13383.75881432417 13237.82459469833 12550.0 11321.66065557522 16269.2962355475 17936.83361131501 18830.82579177026 18985.52079875609 10467.56896323115 3605.551275463989 3716.180835212409
1118.033988749895 0.0 2926.174977679906 3360.431519909311 4555.532131376092 4049.154603123966 3684.087403957729 3950.0 5392.819299772616 5640.257086339238 7204.381236442169 6893.995068173461 7516.648189186454 7650.0 8501.911549763383 8660.975695613053 8297.740656347365 8727.112924673314 5765.630928181235 5091.659847240387 4200.0 3688.156721182005 2860.069929215018 5344.389581607988 4750.0 6806.247130394253 7463.578230312857 8193.983951656239 7224.379073664393 6394.137940332535 6177.782773778955 8175.879157619687 8730.692985095742 9915.170649060963 9127.63211353306 9154.916711800277 9004.720984017216 10490.23355316744 10928.17459596981 11186.59912573969 11773.91183931662 9782.893232576957 9067.110895980042 8950.0 8360.023923410747 7252.068670386402 10049.87562112089 9500.0 11367.16763314415 12051.65963674713 12595.8276028215 11537.44568784616 10645.30412905146 10288.46441409018 12236.52319901368 12874.87864020473 13778.35654205537 12815.0367927681 12500.0 12197.23329284145 13890.01439884063 14455.53527199875 15051.66103790542 15691.15993163029 14258.06789154828 13550.83023286765 13700.0 13088.25809647716 11921.82871878304 16886.08894919128 17993.88785115657 18784.30195668713 18923.53032602532 9360.55553906925 3640.054944640259 3828.837943815329
3621.118611699981 2926.174977679906 0.0 700.0 1629.439474175092 1367.75472947455 1627.882059609971 2193.171219946131 2700.0 2789.265136196271 4398.171097172096 4307.025423653778 5168.413683133346 5440.588203494177 5900.0 5941.380311005179 5413.409276971399 5813.776741499453 3001.666203960727 2289.650628371062 3572.46413557925 3962.953444086872 4208.622102303793 5022.449601539073 3990.613987846983 4750.0 5450.0 5817.52292646965 4739.910653166366 3842.199890687625 3488.911004883902 5463.744137493995 6082.146002851297 7109.951406303703 6255.954603415853 6230.971031869752 6079.679267856159 7574.46367738337 8031.96738041185 8390.0238378684 9003.471552684554 7501.499850029993 6806.614430096654 7747.58026741253 7536.079882803791 6850.182479321263 9080.886520599186 8271.184921158516 9500.0 10200.0 10495.57397191788 9390.833456088974 8485.28137423857 8041.14419718985 9876.23410010111 10551.30323704138 11264.27578675167 10239.5540918538 9801.147891956329 9457.801012920498 11183.02284715541 11783.46298844274 12514.19194354953 13170.04176151314 12192.62071910711 11512.71036724194 12345.54575545366 11958.46980177648 11011.9253539061 15890.64190018767 15686.69818668033 16304.37057969427 16419.88124195787 7864.636037350998 6470.896383036898 6689.730936293327
3891.336531321854 3360.431519909311 700.0 0.0 1368.89480969138 1628.051903349522 2163.330765278394 2745.906043549196 2789.265136196271 2700.0 4308.121284272299 4396.779275788131 5361.203223158025 5685.9475903318 5941.380311005179 5900.0 5202.403290787825 5536.244214266563 2420.743687382041 1732.772345116346 3100.403199585499 3669.468626381754 4150.0 4539.273069556402 3464.823227814083 4050.0 4750.0 5139.296936352287 4073.886719092714 3184.729187858836 2872.716484444645 4867.494221876385 5463.744137493995 6566.384773983322 5767.85644758952 5848.504082241886 5748.260606479146 7156.29093874753 7574.46367738337 7842.3529632375 8441.711911691846 6817.074152449862 6118.823416311342 7086.959855960806 6921.163197035597 6307.535176279242 8437.56481456587 7605.425694857587 8800.0 9500.0 9801.830084224068 8698.709846868098 7792.945527847606 7354.590403278758 9204.890004774636 9876.23410010111 10620.73015380769 9608.832811533355 9208.284313595013 8881.441324469806 10594.81005020855 11183.02284715541 11877.07876542039 12529.96408614167 11498.26073804208 10816.76938831553 11660.29587960786 11290.03985821131 10366.89442407899 15227.03188411977 15014.07672819078 15658.30450591634 15778.54556034871 8285.07694593116 6975.851202541522 7179.310551856634
5205.849882584015 4555.532131376092 1629.439474175092 1368.89480969138 0.0 1115.000448430403 2013.82049845561 2512.304320738234 1624.460833630654 1362.964783110701 2950.000677966024 3153.102757602422 4207.12170016509 4592.327623330026 4636.773986296938 4551.754936285564 3841.038010746574 4202.650711158376 1698.373633803822 1053.172825323555 4162.411920990041 4914.730206226991 5506.929543765746 5530.585231239095 4414.676998377118 4073.275463309596 4739.237596913664 4750.0 3635.000137551579 2746.265282160483 2246.813966486767 4071.286406039251 4737.52815295065 5593.210527058677 4680.016773474214 4602.865737776847 4452.636634624479 5952.828991328409 6426.894506680501 6871.322507348931 7503.250828807471 6443.676978247746 5794.020452155826 7480.786923846983 7524.365288846628 7135.318703463778 8899.374865685792 7959.326164946377 8697.877499712215 9389.987912665276 9500.0 8385.000059630293 7493.562103565967 6993.54509530038 8696.94618817433 9389.125252120135 9949.397167668 8887.52254568167 8354.512134170373 7980.443158120983 9720.99135890985 10344.87665465374 11171.46243783687 11834.70629124356 11192.96533542385 10543.11021473265 11820.47685163336 11584.58341935523 10799.27187360333 15528.70480754915 14484.66337199453 14980.79013269994 15079.53159086846 7431.411238789036 8079.756988919902 8305.075135120693
4884.327282236521 4049.154603123966 1367.75472947455 1628.051903349522 1115.000448430403 0.0 905.8438055205764 1400.840105079805 1363.800938553717 1624.731670153567 3155.327241349144 2950.00016949152 3804.294021234426 4092.377426386769 4552.708314838543 4637.558948412408 4281.104179998427 4763.019315518256 2810.898966522988 2162.348954262471 4725.934087564066 5264.20487823185 5576.257974663655 6159.192560717679 5071.947653515364 5138.068995254929 5816.317821439953 5865.000085251491 4750.0 3859.993911912297 3360.260852969603 5137.017909254357 5815.389324886168 6567.350302823811 5590.66194649614 5343.374682726264 5106.52063542291 6727.269356878763 7258.509006676233 7834.657171823155 8480.292035065773 7558.449113409443 6908.672303706408 8459.518485114859 8412.244230881555 7891.365724638543 9855.94505869427 8954.253346873764 9800.70165855486 10494.4534397938 10615.00004710316 9500.0 8608.3420587242 8108.3508187547 9800.15066210719 10493.93886965233 11019.48683015684 9946.532109232845 9367.79872755601 8973.881713060407 10719.61533824792 11357.37438847553 12229.50747168503 12894.54741353879 12307.88986788556 11657.9909504168 12880.89488350868 12607.33330248709 11771.90099346745 16553.53294617194 15578.91693924838 16041.3544627628 16133.62491816393 6664.792044767789 7379.285399007143 7625.290355127469
4650.0 3684.087403957729 1627.882059609971 2163.330765278394 2013.82049845561 905.8438055205764 0.0 583.09518948453 1860.107523773827 2343.074902771996 3697.121718310069 3227.703208165212 3850.0 4031.128874149275 4827.007354458868 5032.891812864647 4911.720676097125 5448.853090330111 3712.142238654117 3050.0 5197.355096585185 5561.025085359713 5644.68776815866 6647.179853140728 5602.23169817172 5971.808771218315 6659.016443890194 6759.731725445915 5645.046766856763 4750.0 4260.575078554537 6039.246641759219 6719.560997565242 7438.158979209842 6438.522190689413 6114.327436439759 5836.308764964376 7504.165509901817 8061.792604625847 8698.419396649026 9348.93042010689 8455.323766716447 7800.0 9204.618405995981 9080.886520599186 8457.245414436074 10576.97972012805 9711.977141653495 10667.70828247567 11363.53818139403 11509.01703013772 10394.11145793617 9500.0 9004.99861188218 10705.60600806886 11399.12277326637 11920.93574347249 10845.09419046234 10250.48779327111 9848.857801796104 11595.25765129865 12238.46395590558 13127.26170989213 13792.75171965333 13203.40865079923 12550.0 13695.34592480234 13383.75881432417 12502.49975004999 17328.08414106995 16484.61403855122 16939.37720224684 17029.45976829564 6254.79815821422 6766.27667184841 7027.268317063182
4975.188438642299 3950.0 2193.171219946131 2745.906043549196 2512.304320738234 1400.840105079805 583.09518948453 0.0 2000.0 2594.224354214569 3762.566810038062 3128.716669818474 3585.03835404867 3700.0 4681.87996428785 4964.876634922563 5020.458146424487 5597.320787662612 4200.0 3562.653505464712 5765.630928181235 6091.387362497972 6100.204914590984 7215.608082483416 6177.782773778955 6524.76053200422 7207.808266040378 7259.488480602473 6144.782583623281 5258.564442887431 4750.0 6462.391198310421 7151.39846463613 7782.313859001062 6750.953117893799 6337.586291325744 6021.004899516359 7725.444971003289 8310.38506929733 9027.319646495298 9684.652807406159 8950.0 8305.419917138446 9782.893232576957 9663.979511567686 9034.655499796327 11158.06882932705 10288.46441409018 11200.89282155668 11894.956914592 12008.89974144176 10894.00536992708 10004.49898795537 9500.0 11164.67643955704 11860.86000254619 12332.75755863221 11246.63807544281 10611.43251403881 10195.09686074635 11940.26800369238 12593.64919314493 13524.23750161169 14190.84211736569 13700.0 13053.44782040362 14258.06789154828 13957.25617734374 13082.9086979922 17902.30432095265 16924.90768069356 17335.29636320072 17418.16580469942 5736.941693969009 6799.448507048201 7071.951640106146
6247.599539022968 5392.819299772616 2700.0 2789.265136196271 1624.460833630654 1363.800938553717 1860.107523773827 2000.0 0.0 700.0 1843.287552174104 1615.446687452112 2594.706149065824 2968.164415931166 3200.0 3275.66787083184 3053.686296920494 3606.937759374287 2863.564212655271 2460.182920028509 5769.09871643743 6451.74395028197 6885.673532778039 7151.573253487655 6036.969438385456 5463.744137493995 6082.146002851297 5816.130414631364 4738.771254238804 3946.200704475129 3370.830758136635 4750.0 5450.0 5882.619229560927 4816.240027241167 4341.082814229648 4021.504693519579 5727.34668061922 6320.007911387454 7100.176054155277 7763.536565251689 7447.314952383846 6865.857557508749 8974.686624055461 9094.641279346866 8753.570700005797 10410.69161967638 9430.402960637472 9876.23410010111 10551.30323704138 10494.8021896556 9390.258409649865 8532.877591996736 7990.619500389191 9500.0 10200.0 10532.69713796044 9429.086275986661 8722.52830319283 8286.132994346639 10024.47006080621 10690.18241191421 11688.66972756096 12355.56554755791 12159.35853571232 11547.83529498061 13150.38022263995 12997.11506450566 12286.67977933827 16927.27089639674 15179.34451812726 15489.1090770257 15558.67924985922 5857.687256929991 8618.149453333936 8875.38731549221
6408.002808988148 5640.257086339238 2789.265136196271 2700.0 1362.964783110701 1624.731670153567 2343.074902771996 2594.224354214569 700.0 0.0 1616.696941297286 1841.430965309316 2960.152023123137 3397.057550292606 3275.66787083184 3200.0 2661.766330841233 3140.063693621516 2247.220505424423 1952.562418976664 5489.307788783573 6275.746967493193 6850.0 6820.923691113983 5703.069349043548 4867.494221876385 5463.744137493995 5137.720603536163 4072.56098787974 3309.456148674582 2728.094573140748 4050.0 4750.0 5212.60098223526 4162.615523922429 3771.604433129222 3500.357124637428 5161.637337124723 5727.34668061922 6443.795465407014 7104.400045042508 6757.403347440494 6184.658438426491 8411.004696229815 8592.002094971811 8335.7663115037 9854.567468945555 8852.259598543187 9204.890004774636 9876.23410010111 9801.003673093894 8698.089043002492 7844.743462982075 7299.315036357863 8800.0 9500.0 9841.428199199545 8740.072539744737 8050.621094052309 7621.679604916491 9363.7599285757 10024.47006080621 11003.86295807068 11670.90399240779 11462.98390472568 10854.14667304621 12509.29654297155 12384.86980149569 11712.06642740725 16305.90383879409 14483.17989945578 14807.51498395325 14880.27217493013 6411.123146532127 9003.471552684554 9250.0
8009.313890714984 7204.381236442169 4398.171097172096 4308.121284272299 2950.000677966024 3155.327241349144 3697.121718310069 3762.566810038062 1843.287552174104 1616.696941297286 0.0 1118.000447227102 2144.320171989249 2665.46600053349 1838.072087813751 1610.747962904191 1280.472178534153 1913.297938116278 3273.058050203204 3272.645565899247 6961.257716821005 7822.442649198522 8455.608138980897 8222.931898051935 7114.816160660794 5767.270498251318 6255.190564643095 5589.812519217438 4680.501041555273 4139.590438678686 3588.09266881445 4161.154767609588 4814.686801859494 4750.0 3632.000137665196 2840.0015845066 2412.925402908262 4158.8470758132 4812.692489656907 5837.988437809722 6502.16956100039 7023.560991405998 6569.072156705238 9331.484822899301 9676.42025751259 9595.0408545248 10780.03288492201 9719.213394097282 9607.49233671305 10238.15945372995 9945.577107438261 8887.24310458536 8107.324404512256 7531.06293958562 8738.289821240767 9427.285346270155 9500.0 8382.000059651635 7527.158095855301 7047.319277569309 8737.191139033184 9426.266970545657 10566.43785766992 11225.8945745985 11535.72316762153 10987.27486686303 13069.77846024943 13084.36505910776 12560.14765040602 16940.31018015904 14190.09897780843 14309.69982214861 14351.50546110059 5820.456081786031 10460.60748713955 10718.49378410978
7803.151158346222 6893.995068173461 4307.025423653778 4396.779275788131 3153.102757602422 2950.00016949152 3227.703208165212 3128.716669818474 1615.446687452112 1841.430965309316 1118.000447227102 0.0 1164.11683262463 1656.522864315491 1611.480065033384 1837.952121247994 2283.958843762295 2948.095656521341 3966.871311247694 3778.805102145386 7312.617041798374 8046.767549768043 8500.633388165848 8658.964603230574 7540.932833542545 6564.218765397753 7107.754075655685 6565.558392094308 5592.360950439447 4950.410892037145 4373.484651853713 5210.390388444996 5880.422433805245 5868.000085207907 4750.0 3929.843253871584 3475.998849251823 5209.161928755911 5879.333975885364 6948.378803721052 7611.160752473961 8060.680368306387 7572.507378669235 10134.73571436374 10383.35051897989 10171.00132730303 11584.0911598623 10551.26381055843 10618.49650374289 11262.04546252589 11017.98788345676 9948.442139350262 9149.867102860018 8578.511992181395 9839.292047703431 10530.568265768 10618.00004708985 9500.0 8640.43795186332 8157.577336440029 9838.641572900195 10529.96049375305 11681.97192258225 12340.71586254217 12622.91836304109 12063.63825717598 14038.38908137255 14000.08814257967 13407.56383538784 17886.70925575747 15308.08831957799 15419.14290743814 15457.96778363831 4799.496640273853 9927.717159548816 10199.05721133086
8500.0 7516.648189186454 5168.413683133346 5361.203223158025 4207.12170016509 3804.294021234426 3850.0 3585.03835404867 2594.706149065824 2960.152023123137 2144.320171989249 1164.11683262463 0.0 522.0153254455275 1390.143877445784 1990.602923739438 3050.0 3703.039292257105 5127.621280866987 4911.720676097125 8363.013810822029 9030.64228059112 9374.433316206372 9737.171047075224 8620.469824783333 7728.195132112025 8270.731527501059 7703.140463473323 6746.751292288756 6114.327436439759 5537.598757584374 6304.363568196238 6958.807369082722 6801.14762374704 5691.367849647394 4750.0 4252.646234992983 5911.429607125505 6604.922406811454 7800.0 8451.33125608031 9165.424158215483 8698.419396649026 11298.34058612149 11536.46392964499 11293.47156546648 12747.54878398196 11715.37451385998 11741.48627729897 12377.09578212918 12087.26077322732 11031.3033228173 10250.48779327111 9674.83849994407 10857.37076828456 11541.77196101188 11534.21471102389 10418.88516109089 9500.0 9001.249913206499 10634.02557830288 11331.92393197201 12550.0 13200.85224521508 13669.03434775112 13127.26170989213 15181.89711465599 15157.58885839037 14571.54761856132 19037.85702225962 16219.74105835232 16237.30273167314 16260.38129934228 3676.955262170047 10278.61858422619 10562.19674120871
8664.438816218855 7650.0 5440.588203494177 5685.9475903318 4592.327623330026 4092.377426386769 4031.128874149275 3700.0 2968.164415931166 3397.057550292606 2665.46600053349 1656.522864315491 522.0153254455275 0.0 1746.424919657298 2404.163056034261 3553.167600887974 4200.0 5597.320787662612 5348.130514488217 8727.112924673314 9350.133688883812 9628.733042306241 10118.54732656818 9004.720984017216 8207.46611324104 8760.279675900765 8214.49773266753 7248.693192569265 6600.189391222043 6021.004899516359 6824.404735945839 7480.140373014399 7315.203961613101 6207.299573888794 5252.142420003479 4750.0 6388.466169590319 7084.666541200087 8301.355311032048 8950.0 9684.652807406159 9213.576938409968 11773.91183931662 11988.01484817232 11710.03842863037 13222.04598388616 12197.23329284145 12257.65067213126 12894.9602558519 12609.18209084158 11552.6859647443 10770.32961426901 10195.09686074635 11378.04904190521 12061.92356135621 12043.45087589101 10928.95548531515 10001.12493672587 9500.0 11122.05017071943 11820.74447740074 13050.86204049372 13700.0 14190.84211736569 13649.26737960686 15691.15993163029 15656.46831185117 15055.31467621982 19542.58171276252 16726.99913313802 16726.99913313802 16746.71609599924 3157.926534927626 10268.03291775012 10556.15933945675
9414.483522743029 8501.911549763383 5900.0 5941.380311005179 4636.773986296938 4552.708314838543 4827.007354458868 4681.87996428785 3200.0 3275.66787083184 1838.072087813751 1611.480065033384 1390.143877445784 1746.424919657298 0.0 700.0 2127.204738618265 2692.582403567252 5110.772935672255 5088.467352749745 8745.427376635174 9551.177937825261 10074.34861417849 10037.18087911143 8924.404742054228 7574.46367738337 8031.96738041185 7258.661929033477 6428.308720028932 5950.840276801252 5411.330705103875 5727.34668061922 6320.007911387454 5880.987077013518 4814.911006446537 3747.665940288702 3226.840560052511 4750.0 5450.0 6753.702688155587 7383.258088405145 8566.358619623627 8184.130986244049 11124.07299508593 11502.71707032734 11432.62874408156 12569.10895807654 11494.89016911427 11183.02284715541 11783.46298844274 11357.89034108007 10346.21442847576 9625.487000666511 9042.67659490264 10024.47006080621 10690.18241191421 10531.78565106601 9428.407500739455 8442.89642243703 7930.952023559341 9500.0 10200.0 11481.50686974493 12120.23102090055 12875.16990179159 12377.09578212918 14701.44550716017 14782.59111252151 14319.30515073968 18593.88340288279 15189.88150052528 15102.06939462271 15110.01323626158 4533.486517019765 11469.63382153066 11746.16958842328
9521.685775113565 8660.975695613053 5941.380311005179 5900.0 4551.754936285564 4637.558948412408 5032.891812864647 4964.876634922563 3275.66787083184 3200.0 1610.747962904191 1837.952121247994 1990.602923739438 2404.163056034261 700.0 0.0 1511.621645783097 2024.845673131659 4792.702786528704 4863.383595810637 8563.439729454514 9433.186100146651 10050.0 9804.335775563788 8702.011261771615 7156.29093874753 7574.46367738337 6727.330302579174 5954.238238431512 5549.099025968089 5036.119537898202 5161.637337124723 5727.34668061922 5210.758965832137 4161.077745007897 3070.01628660175 2548.038461248181 4050.0 4750.0 6059.909240244445 6686.74061108998 7973.863555391452 7621.679604916491 10674.50233031967 11109.56794839475 11115.97948900591 12112.49355004988 11025.53853559997 10594.81005020855 11183.02284715541 10720.0966879968 9722.342978932598 9021.08640907513 8438.009243891594 9363.7599285757 10024.47006080621 9840.452682676747 8739.340249698485 7746.773521925112 7233.94774656273 8800.0 9500.0 10783.55229040969 11421.47100858729 12219.6562963121 11732.54021940688 14130.90584499097 14247.28044224581 13829.40707333471 18030.04437043903 14494.22298710766 14402.16997538913 14410.49964435654 5229.005641611032 11761.90885868446 12031.7288865732
9030.64228059112 8297.740656347365 5413.409276971399 5202.403290787825 3841.038010746574 4281.104179998427 4911.720676097125 5020.458146424487 3053.686296920494 2661.766330841233 1280.472178534153 2283.958843762295 3050.0 3553.167600887974 2127.204738618265 1511.621645783097 0.0 667.0832032063167 3609.016486523718 3850.0 7528.113973632439 8500.0 9284.53014427763 8668.333173107734 7595.393340703297 5774.296493946254 6144.306307468729 5236.131491855414 4516.508939435413 4208.622102303793 3747.332384510346 3655.475345286848 4215.744299646268 3784.456235709431 2697.77093171381 1700.0 1209.338662244782 2926.174977679906 3601.735692690401 4750.0 5402.082931610732 6462.391198310421 6114.327436439759 9241.753080449618 9737.171047075224 9843.271813782245 10670.16869594853 9573.531218939019 9083.226299063566 9672.900288951603 9230.686485847085 8221.608905804265 7511.657606680432 6928.564064797265 7907.275131168764 8578.169968005997 8492.915223879254 7380.004607044632 6450.0 5951.890455981192 7597.697019492157 8293.672286749701 9500.0 10151.10831387391 10752.90658380328 10250.48779327111 12620.32091509562 12747.54878398196 12357.28530058281 16520.36621870109 13174.3121262554 13195.9274020434 13224.3147270473 6600.189391222043 11648.71237519409 11899.68486977701
9408.108205160057 8727.112924673314 5813.776741499453 5536.244214266563 4202.650711158376 4763.019315518256 5448.853090330111 5597.320787662612 3606.937759374287 3140.063693621516 1913.297938116278 2948.095656521341 3703.039292257105 4200.0 2692.582403567252 2024.845673131659 667.0832032063167 0.0 3700.0 4052.468383590426 7650.0 8674.387586452429 9541.095324961385 8713.49528031088 7669.745758498127 5626.944108483752 5929.797635670209 4914.34359808103 4310.725344997058 4135.516896350443 3740.655022853618 3297.347418759509 3791.108017453473 3188.762926277211 2139.571919800781 1060.660171779821 550.0 2261.083810919003 2934.706118165838 4102.742984882188 4750.0 6021.004899516359 5728.001396647875 9004.720984017216 9572.4866152949 9774.712271980183 10414.53311483525 9306.58369112963 8640.02314811714 9208.69154657707 8704.2675165691 7720.3207834908 7045.565981523415 6463.745044476925 7338.937252763509 8000.624975587844 7861.342697020656 6751.982523674065 5801.939330947886 5300.0 6935.416353759881 7632.168761236874 8851.271095159158 9500.0 10195.09686074635 9711.977141653495 12197.23329284145 12375.17676641429 12049.17009590287 16101.94087680116 12536.04802160553 12536.04802160553 12562.34452640111 7209.1955168382 12142.17855246743 12386.78731552294
6180.008090609591 5765.630928181235 3001.666203960727 2420.743687382041 1698.373633803822 2810.898966522988 3712.142238654117 4200.0 2863.564212655271 2247.220505424423 3273.058050203204 3966.871311247694 5127.621280866987 5597.320787662612 5110.772935672255 4792.702786528704 3609.016486523718 3700.0 0.0 715.8910531638177 3950.0 4992.494366546646 5960.914359391519 5060.1383380299 3988.107320521854 2621.545345783666 3220.636583037583 3061.53115287106 1948.628492042544 1092.016483392078 550.0 2462.214450449026 3092.329219213245 4149.748064641997 3409.188759807823 3702.026472082554 3740.655022853618 4897.193073588175 5242.37541578243 5423.329235810786 6021.004899516359 4750.0 4110.960958218893 6177.782773778955 6427.480066091221 6328.111882702454 7625.122949828416 6610.030257116831 7061.161377563892 7746.612162745725 7809.383650455393 6694.636136490168 5807.753438292641 5300.0 7003.570517957251 7694.153624668538 8297.76530157367 7254.934045186076 6800.18382104484 6463.745044476925 8183.520025025906 8781.799360040059 9535.460135724967 10195.09686074635 9500.0 8855.083285887265 10288.46441409018 10140.26626869334 9470.08447691994 14066.00511872507 12798.9257361702 13336.88494364407 13444.42263542767 8655.20074868284 9393.215636830659 9592.314632037462
5561.025085359713 5091.659847240387 2289.650628371062 1732.772345116346 1053.172825323555 2162.348954262471 3050.0 3562.653505464712 2460.182920028509 1952.562418976664 3272.645565899247 3778.805102145386 4911.720676097125 5348.130514488217 5088.467352749745 4863.383595810637 3850.0 4052.468383590426 715.8910531638177 0.0 3707.424982383325 4650.0 5494.087731370878 4951.009997970111 3842.199890687625 3046.309242345563 3700.0 3711.155210982155 2597.451250745623 1700.0 1236.931687685298 3176.476034853718 3807.886552931954 4836.600975892057 4042.383950096774 4208.622102303793 4176.12260356422 5470.831746635972 5860.034129593445 6114.327436439759 6720.119046564577 5408.326913195984 4750.0 6517.860078277226 6647.179853140728 6393.160407810835 7951.414968419142 6980.329505116502 7644.769453685311 8336.815938954152 8459.383724598383 7344.573030476312 6450.0 5957.558224642039 7697.564549907977 8385.254915624211 9011.115857650482 7970.40576131479 7511.657606680432 7169.553682064177 8893.396426562802 9494.867034350718 10250.48779327111 10909.74335170173 10154.4325296887 9500.0 10786.33394624884 10576.97972012805 9832.853095617771 14517.05893078898 13499.07404231861 14050.80068892873 14159.27258018575 8316.549765377467 8707.755164219996 8912.070466507768
3832.75357934736 4200.0 3572.46413557925 3100.403199585499 4162.411920990041 4725.934087564066 5197.355096585185 5765.630928181235 5769.09871643743 5489.307788783573 6961.257716821005 7312.617041798374 8363.013810822029 8727.112924673314 8745.427376635174 8563.439729454514 7528.113973632439 7650.0 3950.0 3707.424982383325 0.0 1192.686044187656 2549.509756796393 1450.0 550.0 3259.601202601325 3758.324094593227 4879.976741747854 4269.713456427726 3798.025802966589 3988.107320521854 5580.770556114989 5886.000339789321 7413.946924547005 7025.729001320788 7573.143336818603 7669.745758498127 8622.354666794912 8822.9813555283 8547.51425854324 9004.720984017216 6177.782773778955 5489.307788783573 4750.0 4220.189569201839 3318.508701209023 5885.575587824865 5300.0 7322.055722268166 7985.142453331688 8684.910650087311 7697.49654108399 6852.919086053767 6610.030257116831 8610.023228772383 9180.550092450887 10324.68445038394 9506.4382394249 9481.033698917012 9306.58369112963 10832.01274002205 11290.81485101939 11600.53878059119 12197.23329284145 10288.46441409018 9573.139505930121 9500.0 8906.317982196684 7787.810988975015 12747.54878398196 14182.38343861849 15172.67280343183 15344.70592745263 11385.07795318065 7433.034373659253 7527.283706623525
3050.0 3688.156721182005 3962.953444086872 3669.468626381754 4914.730206226991 5264.20487823185 5561.025085359713 6091.387362497972 6451.74395028197 6275.746967493193 7822.442649198522 8046.767549768043 9030.64228059112 9350.133688883812 9551.177937825261 9433.186100146651 8500.0 8674.387586452429 4992.494366546646 4650.0 1192.686044187656 0.0 1432.65487818944 1700.0 1562.049935181331 4443.253312607779 4914.519305079592 6067.789795304382 5457.366855911375 4951.009997970111 5093.378053904894 6757.403347440494 7076.192479010163 8594.946713040168 8173.858819431615 8668.333173107734 8732.840316872856 9760.251021362104 9983.611570969695 9737.171047075224 10197.18098299721 7325.469268244868 6647.179853140728 5491.812087098392 4750.0 3569.313659514949 6450.0 6033.448433524562 8300.903565275288 8942.315136473328 9726.591026664995 8773.759342493957 7951.414968419142 7739.832039521271 9737.812896128165 10290.0437316855 11475.21716570105 10677.00650931711 10670.16869594853 10498.80945631456 12017.69528653477 12469.3624536301 12747.54878398196 13335.85392841418 11292.69675498284 10576.97972012805 10199.14212078643 9500.0 8279.643712141242 13235.27483658726 15238.52026936999 16281.35436626818 16460.02733898094 11815.77335598479 6560.678318588712 6622.122016393235
1931.320791582797 2860.069929215018 4208.622102303793 4150.0 5506.929543765746 5576.257974663655 5644.68776815866 6100.204914590984 6885.673532778039 6850.0 8455.608138980897 8500.633388165848 9374.433316206372 9628.733042306241 10074.34861417849 10050.0 9284.53014427763 9541.095324961385 5960.914359391519 5494.087731370878 2549.509756796393 1432.65487818944 0.0 3031.913587159107 2982.029510249689 5798.706752371601 6307.535176279242 7407.075873784472 6711.233344177506 6109.418957642371 6158.327695080865 7957.700672933105 8335.7663115037 9800.755532100573 9284.248380994553 9661.392239216872 9665.660867214408 10835.35878501492 11115.97948900591 10983.62417419678 11473.66549974331 8726.11024454768 8038.812101299544 6863.854602189647 6040.695324215582 4750.0 7731.752712031082 7397.972695272671 9729.465555722987 10366.89442407899 11159.22367371494 10203.51179741563 9376.166594083106 9152.185531336218 11151.79357771655 11712.06642740725 12873.90030255012 12052.33454563887 11997.08297879114 11800.9533513187 13358.23715914641 13829.40707333471 14149.29326856999 14743.89704250542 12723.30538814502 12007.70585915561 11526.05743522042 10772.76658987839 9500.0 14422.20510185596 16670.93278733977 17704.51919708637 17880.71586933812 11806.77771451635 5223.983154643591 5261.178575186362
4750.0 5344.389581607988 5022.449601539073 4539.273069556402 5530.585231239095 6159.192560717679 6647.179853140728 7215.608082483416 7151.573253487655 6820.923691113983 8222.931898051935 8658.964603230574 9737.171047075224 10118.54732656818 10037.18087911143 9804.335775563788 8668.333173107734 8713.49528031088 5060.1383380299 4951.009997970111 1450.0 1700.0 3031.913587159107 0.0 1118.033988749895 3621.118611699981 3891.336531321854 5205.849882584015 4884.327282236521 4650.0 4975.188438642299 6247.599539022968 6408.002808988148 8009.313890714984 7803.151158346222 8500.0 8664.438816218855 9414.483522743029 9521.685775113565 9030.64228059112 9408.108205160057 6180.008090609591 5561.025085359713 3832.75357934736 3050.0 1931.320791582797 4750.0 4366.062299143246 6791.538853603062 7403.039916142558 8290.921118910734 7409.632447024616 6647.179853140728 6524.185772952821 8487.932610477064 8984.70923291344 10286.23395611825 9587.787440280474 9737.171047075224 9637.68644437035 11029.27921488979 11415.99754730177 11536.46392964499 12092.35295548389 9793.109822727405 9080.886520599186 8508.965859609498 7800.0 6587.29838401146 11547.83529498061 13798.27887817897 14941.97108817977 15136.46259863909 12823.12364441675 8237.86987030021 8286.887232248306
4366.062299143246 4750.0 3990.613987846983 3464.823227814083 4414.676998377118 5071.947653515364 5602.23169817172 6177.782773778955 6036.969438385456 5703.069349043548 7114.816160660794 7540.932833542545 8620.469824783333 9004.720984017216 8924.404742054228 8702.011261771615 7595.393340703297 7669.745758498127 3988.107320521854 3842.199890687625 550.0 1562.049935181331 2982.029510249689 1118.033988749895 0.0 2926.174977679906 3360.431519909311 4555.532131376092 4049.154603123966 3684.087403957729 3950.0 5392.819299772616 5640.257086339238 7204.381236442169 6893.995068173461 7516.648189186454 7650.0 8501.911549763383 8660.975695613053 8297.740656347365 8727.112924673314 5765.630928181235 5091.659847240387 4200.0 3688.156721182005 2860.069929215018 5344.389581607988 4750.0 6806.247130394253 7463.578230312857 8193.983951656239 7224.379073664393 6394.137940332535 6177.782773778955 8175.879157619687 8730.692985095742 9915.170649060963 9127.63211353306 9154.916711800277 9004.720984017216 10490.23355316744 10928.17459596981 11186.59912573969 11773.91183931662 9782.893232576957 9067.110895980042 8950.0 8360.023923410747 7252.068670386402 12208.70591012823 13700.09124057209 14722.85638047183 14900.08389238128 11735.94904556082 7960.056532462568 8048.136430255143
6791.538853603062 6806.247130394253 4750.0 4050.0 4073.275463309596 5138.068995254929 5971.808771218315 6524.76053200422 5463.744137493995 4867.494221876385 5767.270498251318 6564.218765397753 7728.195132112025 8207.46611324104 7574.46367738337 7156.29093874753 5774.296493946254 5626.944108483752 2621.545345783666 3046.309242345563 3259.601202601325 4443.253312607779 5798.706752371601 3621.118611699981 2926.174977679906 0.0 700.0 1629.439474175092 1367.75472947455 1627.882059609971 2193.171219946131 2700.0 2789.265136196271 4398.171097172096 4307.025423653778 5168.413683133346 5440.588203494177 5900.0 5941.380311005179 5413.409276971399 5813.776741499453 3001.666203960727 2289.650628371062 3572.46413557925 3962.953444086872 4208.622102303793 5022.449601539073 3990.613987846983 4750.0 5450.0 5817.52292646965 4739.910653166366 3842.199890687625 3488.911004883902 5463.744137493995 6082.146002851297 7109.951406303703 6255.954603415853 6230.971031869752 6079.679267856159 7574.46367738337 8031.96738041185 8390.0238378684 9003.471552684554 7501.499850029993 6806.614430096654 7747.58026741253 7536.079882803791 6850.182479321263 11472.79390558377 11188.61028010182 12039.31061149267 12195.28597450671 11276.74598454714 10353.01888339821 10491.18677748137
7403.039916142558 7463.578230312857 5450.0 4750.0 4739.237596913664 5816.317821439953 6659.016443890194 7207.808266040378 6082.146002851297 5463.744137493995 6255.190564643095 7107.754075655685 8270.731527501059 8760.279675900765 8031.96738041185 7574.46367738337 6144.306307468729 5929.797635670209 3220.636583037583 3700.0 3758.324094593227 4914.519305079592 6307.535176279242 3891.336531321854 3360.431519909311 700.0 0.0 1368.89480969138 1628.051903349522 2163.330765278394 2745.906043549196 2789.265136196271 2700.0 4308.121284272299 4396.779275788131 5361.203223158025 5685.9475903318 5941.380311005179 5900.0 5202.403290787825 5536.244214266563 2420.743687382041 1732.772345116346 3100.403199585499 3669.468626381754 4150.0 4539.273069556402 3464.823227814083 4050.0 4750.0 5139.296936352287 4073.886719092714 3184.729187858836 2872.716484444645 4867.494221876385 5463.744137493995 6566.384773983322 5767.85644758952 5848.504082241886 5748.260606479146 7156.29093874753 7574.46367738337 7842.3529632375 8441.711911691846 6817.074152449862 6118.823416311342 7086.959855960806 6921.163197035597 6307.535176279242 10845.50598174193 10544.42980914568 11443.12020386048 11607.10989006307 11857.6979216035 10982.9413182444 11113.28034380488
8290.921118910734 8193.983951656239 5817.52292646965 5139.296936352287 4750.0 5865.000085251491 6759.731725445915 7259.488480602473 5816.130414631364 5137.720603536163 5589.812519217438 6565.558392094308 7703.140463473323 8214.49773266753 7258.661929033477 6727.330302579174 5236.131491855414 4914.34359808103 3061.53115287106 3711.155210982155 4879.976741747854 6067.789795304382 7407.075873784472 5205.849882584015 4555.532131376092 1629.439474175092 1368.89480969138 0.0 1115.000448430403 2013.82049845561 2512.304320738234 1624.460833630654 1362.964783110701 2950.000677966024 3153.102757602422 4207.12170016509 4592.327623330026 4636.773986296938 4551.754936285564 3841.038010746574 4202.650711158376 1698.373633803822 1053.172825323555 4162.411920990041 4914.730206226991 5506.929543765746 5530.585231239095 4414.676998377118 4073.275463309596 4739.237596913664 4750.0 3635.000137551579 2746.265282160483 2246.813966486767 4071.286406039251 4737.52815295065 5593.210527058677 4680.016773474214 4602.865737776847 4452.636634624479 5952.828991328409 6426.894506680501 6871.322507348931 7503.250828807471 6443.676978247746 5794.020452155826 7480.786923846983 7524.365288846628 7135.318703463778 11352.49633340615 9876.435237473082 10590.68331128828 10729.90088491035 11365.05050582706 11799.19374364198 11954.61304267102
7409.632447024616 7224.379073664393 4739.910653166366 4073.886719092714 3635.000137551579 4750.0 5645.046766856763 6144.782583623281 4738.771254238804 4072.56098787974 4680.501041555273 5592.360950439447 6746.751292288756 7248.693192569265 6428.308720028932 5954.238238431512 4516.508939435413 4310.725344997058 1948.628492042544 2597.451250745623 4269.713456427726 5457.366855911375 6711.233344177506 4884.327282236521 4049.154603123966 1367.75472947455 1628.051903349522 1115.000448430403 0.0 905.8438055205764 1400.840105079805 1363.800938553717 1624.731670153567 3155.327241349144 2950.00016949152 3804.294021234426 4092.377426386769 4552.708314838543 4637.558948412408 4281.104179998427 4763.019315518256 2810.898966522988 2162.348954262471 4725.934087564066 5264.20487823185 5576.257974663655 6159.192560717679 5071.947653515364 5138.068995254929 5816.317821439953 5865.000085251491 4750.0 3859.993911912297 3360.260852969603 5137.017909254357 5815.389324886168 6567.350302823811 5590.66194649614 5343.374682726264 5106.52063542291 6727.269356878763 7258.509006676233 7834.657171823155 8480.292035065773 7558.449113409443 6908.672303706408 8459.518485114859 8412.244230881555 7891.365724638543 12294.93607140761 10947.54095676285 11596.16544380081 11723.47444233151 10381.01406414614 10853.56406900517 11022.29799089101
6647.179853140728 6394.137940332535 3842.199890687625 3184.729187858836 2746.265282160483 3859.993911912297 4750.0 5258.564442887431 3946.200704475129 3309.456148674582 4139.590438678686 4950.410892037145 6114.327436439759 6600.189391222043 5950.840276801252 5549.099025968089 4208.622102303793 4135.516896350443 1092.016483392078 1700.0 3798.025802966589 4951.009997970111 6109.418957642371 4650.0 3684.087403957729 1627.882059609971 2163.330765278394 2013.82049845561 905.8438055205764 0.0 583.09518948453 1860.107523773827 2343.074902771996 3697.121718310069 3227.703208165212 3850.0 4031.128874149275 4827.007354458868 5032.891812864647 4911.720676097125 5448.853090330111 3712.142238654117 3050.0 5197.355096585185 5561.025085359713 5644.68776815866 6647.179853140728 5602.23169817172 5971.808771218315 6659.016443890194 6759.731725445915 5645.046766856763 4750.0 4260.575078554537 6039.246641759219 6719.560997565242 7438.158979209842 6438.522190689413 6114.327436439759 5836.308764964376 7504.165509901817 8061.792604625847 8698.419396649026 9348.93042010689 8455.323766716447 7800.0 9204.618405995981 9080.886520599186 8457.245414436074 12997.11506450566 11849.26158036863 12474.17331930257 12596.22959460489 9694.586118035159 10032.19816391203 10210.0440743417
6524.185772952821 6177.782773778955 3488.911004883902 2872.716484444645 2246.813966486767 3360.260852969603 4260.575078554537 4750.0 3370.830758136635 2728.094573140748 3588.09266881445 4373.484651853713 5537.598757584374 6021.004899516359 5411.330705103875 5036.119537898202 3747.332384510346 3740.655022853618 550.0 1236.931687685298 3988.107320521854 5093.378053904894 6158.327695080865 4975.188438642299 3950.0 2193.171219946131 2745.906043549196 2512.304320738234 1400.840105079805 583.09518948453 0.0 2000.0 2594.224354214569 3762.566810038062 3128.716669818474 3585.03835404867 3700.0 4681.87996428785 4964.876634922563 5020.458146424487 5597.320787662612 4200.0 3562.653505464712 5765.630928181235 6091.387362497972 6100.204914590984 7215.608082483416 6177.782773778955 6524.76053200422 7207.808266040378 7259.488480602473 6144.782583623281 5258.564442887431 4750.0 6462.391198310421 7151.39846463613 7782.313859001062 6750.953117893799 6337.586291325744 6021.004899516359 7725.444971003289 8310.38506929733 9027.319646495298 9684.652807406159 8950.0 8305.419917138446 9782.893232576957 9663.979511567686 9034.655499796327 13579.58025860888 12262.34072271685 12822.83120063584 12934.6434044391 9111.805529092464 9815.548889389733 10006.24804809475
