0.0 1134.346501949107 421.2665410236137 359.2868896647914 521.0002554951388 626.7391279416022 698.3522377711695 55.35992096273262 498.5139862200459 547.1817958092173 588.56597273118 324.6445733352091 232.418326620342 278.4895411537029 129.5574982469174 758.8960930193276 735.8482639029598 87.72936564799728 834.1830512909023 516.2490276416993 256.8389283305784 551.1910620247755 1050.076372401194 759.2498162735438 824.8828861287705 512.181422795673 655.6631928337902 803.3187849079592 913.7441514813706 445.7451581739952 878.2772415046402 390.559974313805 519.9189578588187 657.4641950965847 957.1095156662703 501.6857884792033 817.3693243357008 798.0857388088075 846.6372435593712 767.6644920696866 600.9762761914983 734.05124186261 791.1715635806751 866.3666540781738 786.7707156077939 752.7119711390275 546.3228401055552 377.3277862234505 259.8524496093889 748.8633864470876 240.930327757715 694.2253371118055 591.0210164198901 824.7686627661117 866.0971920092808 746.2936849290634 573.7846467743799 969.5461928397224 814.2634814161814 21.66001285779854 565.7968896432712 93.6994568660886 159.0749043815522 370.1746565298602 315.2422820704735 837.9755238478031 182.5573339994863 213.7729476242876 102.9190353287476 840.5635012567462 130.7224013128966 784.2254262812447 756.0841553544157 525.9770563560734 281.3678873112567 874.390778112967 821.2094712635748 478.1662276206884 585.7551017225544 374.6884496130218 402.810693737145 287.7102708003314 244.2899782349043 929.584574705282 294.6214031685411 172.5416428489077 172.4997948404577 925.2022171720083 1149.578839471086 219.3881420701675 311.4091837518604 668.9491823935507 864.6011275784921 693.8678442362061 795.0526219219706 886.3857091540617 166.2945209349965 766.4438962063695 543.5958804884378 820.0471523449123
1134.346501949107 0.0 807.3109240730464 953.3741069392414 759.3179783490418 603.325391525598 752.5016853129938 1099.053283684088 1007.99805759019 758.9753712451518 641.4743557514174 1073.36765693353 928.1486437316364 1088.233610746634 1047.742415478564 378.4293706637687 924.2194727954915 1207.907385822479 730.5826139095811 915.3347090349935 997.2198911873732 824.5782051718177 87.39786313598346 872.8405355257088 870.4337456142426 967.2492048667687 763.1636673435104 611.9497537704187 371.7431371453736 952.7204829293615 273.5584469648051 970.9673152075595 799.426992728014 725.391203906772 317.1901852006073 642.2982204393813 640.4659042885236 890.7926708373595 541.5930400618421 725.2770550844442 817.2116059253541 809.636321315068 842.2674921821963 341.8576231615496 354.9664977228641 759.8169394629052 600.7324999424253 1005.519113753392 965.3395262579565 763.1393565508047 1014.722439749499 471.7246131547686 599.9602148185463 827.5300877340328 645.1570900021237 736.4042840808683 560.7198239464306 307.5509492526987 497.9242462631601 1118.511152887022 715.8478701208492 1158.522280787295 1025.745010282953 765.3690596042907 948.6754100131384 352.6750597274155 987.6183190621042 1123.530715582147 1038.206009247643 972.3924989068129 1208.125022261374 953.9766537716089 788.0170785738823 929.8447856161457 981.1423298747212 368.7681078547548 538.1868378895344 914.7315997636445 646.3341166309543 932.1230819689242 865.4522352177364 1011.535588373922 1045.164608545901 237.0632498115136 1049.219721064619 1022.880089804644 1145.954270009522 251.1309321239741 108.175032273497 994.1049686677841 862.6696353699347 793.5586822474921 533.2800116606998 487.4375850700437 509.2211450250628 529.3030003360076 1018.095038527158 414.907943978729 643.1134340258615 414.4580616408325
421.2665410236137 807.3109240730464 0.0 147.2421874905422 517.4735006007554 222.3251195276863 695.8343731736742 416.2955657570712 256.051645534646 129.8037726300742 493.5635510701738 266.2760020167045 192.8321225859426 282.3788272268302 297.0537980400184 439.725169652591 382.4526263852819 463.9439720968471 421.6608566099064 191.7247298316 201.1292009430755 601.1670270681851 733.5444487052233 815.6273438204546 869.0997533825046 230.4604468471759 247.1079803264151 382.0858051537638 709.9753402488076 596.7221128722816 534.0202107944979 172.4084796348486 114.5055560093046 638.9852442271261 732.2638819902444 326.0824899316123 396.5392898175412 425.3823910083726 724.8053770487703 745.4891009998804 643.8925358140131 760.7028784181377 827.0555852263439 635.2898056868299 511.0863645608245 345.3217934767512 227.325004099857 577.8943997909048 176.6599565776014 342.1692194938053 472.6235090786746 479.5199972576743 208.3205609823475 431.7299907546382 795.7646278962524 334.2839486379805 316.2062534802245 581.9386124360541 403.3405756553635 415.9747611875029 532.2209559384148 400.5149276631273 267.860877819065 246.5402615091498 475.3538292230326 467.40595988712 238.8851782028346 543.0307853869949 366.5559606567598 491.5412349874626 541.3696941621411 436.4640790763885 355.1666603553887 210.5551943624284 180.4012469247373 486.1535974370651 404.0003839020453 162.2864927866765 177.1026164120677 516.6969177663149 483.3543319563817 206.6440650635774 503.2613618149222 576.5381428942928 242.5478879087591 257.9456378406117 360.0667229306258 566.8576694038813 794.6489241260507 431.3017129678481 362.3034987093004 269.6373512720372 446.3487251779711 322.1298341864659 383.9881153538479 758.7366112394004 259.7788144037154 397.4609103622644 164.2369275467609 621.7397886970078
359.2868896647914 953.3741069392414 147.2421874905422 0.0 608.6785836096092 359.0826578547062 795.6269971167393 373.6869331967603 161.6101713878183 224.8196555286036 607.0831947221072 120.385133372024 184.8876907638796 144.7941329785154 230.8282548411264 586.9574130079626 377.3748560277963 376.1017224023309 487.4098613569488 157.0784527871344 102.4841542532308 682.7162672040267 880.4255206542175 903.9427538593413 962.0171910181907 160.6388579267171 311.2256735489538 482.5986385983698 850.1761552805453 647.9478746912903 679.8575813359737 42.37308529007534 186.7258998318123 740.6266938782317 875.1875578647257 447.6354927940813 488.2961470583195 438.8016906587759 851.9901800353159 851.6953440390583 729.5945518231341 855.2074686193052 921.0749189292313 777.9347472467148 656.7172641776672 403.5221256102323 372.2119655250218 611.8888451198387 106.7951021582919 399.282775899487 485.6329674880403 617.1472195683943 353.461296983135 467.7093291714417 914.0936451467218 401.3301918794548 455.2682335997099 717.687015839774 527.890711406253 361.5168927975565 632.4637512972581 309.2163036387312 202.7121279573573 338.8289236591232 512.6604034836316 609.9251495265628 193.8164635370277 529.1547565987254 340.9157893556706 483.7801999958245 489.3390580940887 427.0495751373604 402.9485141268051 167.8610162306901 78.02289167289302 623.1188377075435 519.7327000776457 118.8955858726471 313.5611875615348 564.3674760402214 546.9762608614747 80.09849287595866 510.7810023939907 721.0191232034001 103.9808291561478 188.1080117379374 247.2449372767823 710.6059830377169 937.3162320092882 444.4501967262474 417.8115939631163 317.5854479821139 558.676982462138 466.7133251365339 508.9543745445165 887.6599078885387 196.7538320897461 541.3056641538125 310.937728641926 759.9179850168042
521.0002554951388 759.3179783490418 517.4735006007554 608.6785836096092 0.0 548.1652267017673 189.9190627662216 467.8747965652777 760.9095397253211 608.426715729183 118.1816830181395 680.7606745354788 445.9447353529359 659.7474641785294 513.2655143159337 462.5943423627228 887.8424046986041 608.7281821806839 852.1531529466989 708.7462464979974 564.2043574734247 92.95999919320138 672.808399595494 298.2586649423785 353.7829159141662 743.1271343888608 717.5877208014363 751.493604446505 442.2855675662614 193.4094147872848 579.1517468720957 649.8917582751761 617.345194422861 139.9684859530888 496.5056551676149 225.8402798793873 782.8559218866521 916.0855521030774 334.9579209435269 253.5733647400886 127.5679370570835 246.5335389078736 312.5084401056874 427.1349866419397 420.4538519362143 801.0414986715733 390.2139569838578 251.4625734714612 532.0444508591364 799.8591598681608 308.2564735038665 294.7806289734792 489.1990667039339 900.7137689171849 345.164120429776 780.4405249889321 314.185704862586 732.4251475666302 684.9558255376766 499.6059652175903 50.02066265054876 592.5175805535224 511.5436298440242 273.2266404306139 226.23087898207 597.7811066017393 481.7117506777264 409.4075687956152 421.814560589129 992.9770065560431 532.3153007671393 941.3390176233003 821.5985332143674 727.3438811628238 568.6715932592379 661.4916129392723 720.2810271727279 676.5735180488517 539.9909230533417 186.7581334336205 128.0142591627979 603.0568604319164 328.9273731725744 631.8638154697577 640.5979133223898 520.1870184318328 632.5081694413125 637.874087018747 815.5108223161052 309.7923508174467 218.3213196758392 750.9543003146063 760.4276173338262 513.004127711464 671.8155174368928 374.3845614362976 508.3209296546819 548.3607127521082 471.1289692748686 360.6978030443213
626.7391279416022 603.325391525598 222.3251195276863 359.0826578547062 548.1652267017673 0.0 691.2011981333654 611.5309942709363 406.5261114614903 156.7401500701081 477.1844033515764 479.0830919506553 394.6270902003561 501.3537815485189 510.2937497804572 267.0658103408222 390.0211448549938 679.105080648054 304.578907162003 314.9453434010416 423.4233368781178 640.9221512984241 537.148710862504 826.994102294575 868.5149270338018 366.9200903194046 202.8064545323941 208.6200425965828 583.2107526450536 685.6735832421721 331.8222932715643 371.0446637980393 196.3981455309597 634.8702659039877 590.1230397646091 322.3603672863647 237.0308536963068 394.2669807237224 647.0362529375074 722.9514995371472 672.0693895142077 762.8544355064339 826.3603854849831 499.3883463147793 361.3033375669258 263.0057395438359 157.9746499283982 691.437768983218 397.727275128322 262.9394753360552 619.1850109988451 383.7167535318205 58.99087676073304 363.1802985432993 739.8619594848628 239.6519279496829 247.3550670776727 359.9571861277394 187.6691327762773 617.8787768567553 542.2967062310078 618.0212972705715 482.4481955661146 336.2781256638617 594.6809263731266 253.1487123431601 449.2111134978742 709.4110231162865 554.9045453949715 479.2778463814075 736.4872826217776 437.2526945886097 287.8553623349756 330.8403117305991 402.596306685742 264.5627847789632 200.5447901741654 311.6027218879835 45.65279344136562 618.2192632754255 566.0340983103403 427.2614387292633 652.5914085761549 367.154877179917 460.7306669237462 474.4056789584205 582.0956159128842 355.124598563659 579.4533006002209 581.912220124307 475.1912256365851 239.7463002801086 244.9697786605524 121.3025248541843 168.5774926020672 673.4125428635324 474.2454934419514 188.6211222875105 91.16454510937898 509.6405382659428
698.3522377711695 752.5016853129938 695.8343731736742 795.6269971167393 189.9190627662216 691.2011981333654 0.0 643.7318848721104 944.785153063383 774.7762387586497 214.2749015657224 870.472577592195 635.7862997242078 849.6568371689832 701.0509402604064 539.808433279807 1054.44338370583 785.639909106583 994.1127260693326 887.4985467464159 753.979355909696 150.597371796456 672.3404974707756 140.1548168027414 177.6784233859868 924.6715357406649 876.5790316389047 882.4006836409409 389.1418388115187 290.8634861050111 635.9248998435271 836.3120601306669 788.6941552547477 57.41922613550273 447.5045531519456 379.9827738542893 916.1076271077542 1075.836270477065 231.0261393232593 70.79661548273336 106.1284338949746 72.54754433362994 135.3154762985003 412.359334811048 465.810111880367 952.4758728492811 536.8534253937474 369.1882758099043 721.6012553093294 951.9104698956723 468.9681843756994 352.5925660475558 633.9163140052478 1052.967024597162 185.7252119280549 930.0583766651425 444.212187957512 801.2234654189804 798.7025371187949 676.7108543868645 163.9664345956208 775.2250849456561 700.5074943581974 457.4286958040565 387.2125846366567 679.9095519434919 671.3111312089201 556.1961948797351 602.9171286677797 1156.258013855472 690.928050719183 1106.993713027314 975.4535350215305 906.3756924747042 758.029038299985 747.5031404462459 839.7029270575398 857.1964702522987 691.8943991173797 332.7083354889234 295.5548077717566 792.6142333645038 481.5969533462707 682.6280428652194 830.3745009120884 709.5004088885363 819.6111987643899 693.1962732300283 829.1655113221303 480.4615521110924 406.0292574445837 911.6887954916415 875.592682181618 630.1276130570695 788.7497154516127 262.2229496508436 697.5113857572507 646.3647818747554 625.6475625685758 339.8710320415672
55.35992096273262 1099.053283684088 416.2955657570712 373.6869331967603 467.8747965652777 611.5309942709363 643.7318848721104 0.0 521.7656221044082 545.0074284429525 539.1261830517972 355.791115472267 223.5263965307006 311.9321486878196 145.1520907083325 726.3109686415316 750.8080873299114 141.9124785633738 835.3900026753971 530.2139588845242 273.1949944728124 496.1731221872059 1013.935687365944 703.8980474337246 769.5246262637279 531.4024979711705 657.6319676916565 796.1393134175701 867.5131942762657 390.7143595290042 847.6016374465071 408.606577735846 521.1320338359561 603.5145171186854 912.2000758670888 461.2545376221246 812.3874838388391 810.1774132009606 795.6671695205288 713.2334684460692 545.8735768215934 678.8330145343846 735.8294931068542 822.8386200425998 748.603255339569 755.6669248743127 519.3400085358338 323.2588872057348 269.0083865774449 752.0389345479393 185.8993877495028 651.7029920945583 571.836543432649 832.4283084566503 812.7165369673247 747.4517594948854 538.5935488780012 946.1695946250861 799.0780832841057 33.93909945770519 513.3673604359748 144.9241963579581 171.362720511201 333.7338280156807 259.9287310821949 812.1969092461508 184.1772528082662 169.6315578396202 61.02446750279755 857.4568644835728 125.5763078076832 800.7363836875404 761.123282227656 541.5474606200272 296.1596953283819 851.9329417835655 809.1436777878204 491.3546786690852 572.5057920693903 319.3298113891184 348.2935191415424 308.6993772604668 190.8715946033091 899.7793337574496 322.1353496560103 186.3226540439997 217.2487558008101 896.3279154511478 1118.487337752507 164.1621952704093 261.8793613708418 673.740564196635 853.0604097278223 670.3907793294893 780.0736596052964 835.4452795298738 176.9717602443961 741.2886367569653 525.3110016485472 774.319932101712
498.5139862200459 1007.99805759019 256.051645534646 161.6101713878183 760.9095397253211 406.5261114614903 944.785153063383 521.7656221044082 0.0 249.7959859085009 747.5893430446959 183.3781505550757 346.4527875079085 230.871901428043 376.6188265249097 665.7465065751378 253.2515168957532 495.7173234354434 420.3717829017547 92.98262359172273 250.5743374829115 838.5769568292466 943.6123345851568 1058.235841221422 1114.658704710159 42.3120042068442 271.7320674856024 458.4267007723262 958.4175238640047 809.126009613929 738.1314082167213 119.8136009015672 210.8172054173947 888.695062919222 976.1011833228267 581.5313611397066 452.0931716095698 324.2791922294738 980.6358994339388 997.5134432977883 884.3178541146843 1006.954350697508 1073.17549204037 880.3512200024545 749.3852018988632 338.4788032078228 473.9747938023709 773.4394637395288 265.0629387013583 333.6981024369182 646.0313214363836 731.8597699949082 423.8586667805673 371.4961984004681 1051.406597711761 346.5052743177224 568.8053350110212 739.841808976081 536.3351308137478 504.669575245031 780.845675132417 430.9710371939164 351.6051753558244 487.9798946555073 674.2554907718587 655.5236865079705 350.2152064916656 683.6887665501141 495.938683387372 348.6967432999626 628.9380534132197 294.5020708331267 326.7151201658717 80.86347122155965 230.5062610451178 651.9340433525465 514.1921908177915 99.0820238186524 366.5932291750627 725.6368510799392 706.3434950801204 213.0952876930882 670.2601932651304 770.9847142330384 205.0482369980293 336.4486522844162 353.3006465957853 757.6238119574913 975.0895373113641 605.1185687863165 577.6615953878187 258.4799292053447 544.9766662463633 526.8464577274863 519.5360402205029 1014.230286325788 347.1007025777966 594.6815868756994 392.9857798254283 872.8354073707138
547.1817958092173 758.9753712451518 129.8037726300742 224.8196555286036 608.426715729183 156.7401500701081 774.7762387586497 545.0074284429525 249.7959859085009 0.0 563.4192975484599 339.6245715919271 321.9816147856893 369.4317223371593 420.2091726426257 419.2673573568541 279.9908257389874 583.3839275211479 291.863012696025 158.4082671390607 309.674958698633 697.2119085421591 693.8263302248265 902.7457893236667 951.5870153631406 210.3004712215358 119.4009468806675 260.8408307550794 724.4249570085296 709.9653715567823 488.3858303145168 226.4525527544347 41.47194835066229 717.3578968137174 736.7690711824313 394.9052673300269 271.1420162940447 309.9961700940836 768.1834241920416 816.9114883994532 735.9822795978175 843.3689127236313 909.1357398827142 643.0652066151691 507.9402348869402 216.6099842320294 251.4393468174781 697.9721671053152 292.9593196759578 213.6989831936502 599.1643247964953 508.5005908364316 180.0399960814263 307.0118274627217 851.4465027824009 204.611055737465 351.8339535647463 500.9929252404669 304.9063698531075 543.1625413980607 614.8533149727666 518.0202655070553 390.50081616432 350.8096785266906 595.8731688975432 407.1116409598233 364.7702822572037 672.4190365440411 496.198045526179 384.609972855619 669.6221921227 333.1304629916033 228.6521483148584 174.8031038912066 285.5528958301772 409.1162171437353 294.9223240956846 156.0972999253991 118.3368043382954 632.7855285301727 592.9991537346408 301.8494001402024 630.4645453725451 522.1933484802348 328.7291751579102 379.0786148861473 467.0567332187815 509.3528326857523 730.2470103084914 558.2476936074166 479.1227855591926 146.7242225741884 334.0600003367658 277.4087026825222 286.3369233612738 798.3315217291179 382.6739692140034 344.9839990043016 160.4530763089321 644.2006596767811
588.56597273118 641.4743557514174 493.5635510701738 607.0831947221072 118.1816830181395 477.1844033515764 214.2749015657224 539.1261830517972 747.5893430446959 563.4192975484599 0.0 695.4840619201852 467.8973384515027 682.1534812291146 556.3055294970561 352.8439025078936 842.2901247266288 675.0398395650438 780.6930802626599 683.7540819739214 581.8502938944004 196.0807242464185 554.8214843048618 350.2386031524937 391.9064598272527 724.0032471432708 662.9016485678701 671.1996420179319 336.9646594861396 311.4588161432584 465.2818667367126 645.7203131581041 579.7252961963968 157.6880569256911 388.1272751053738 169.3999599321086 704.3677849887798 862.0380130974504 261.2000152481044 253.7921025225371 209.323623712184 285.6745693397297 349.5846223138112 312.5708859135956 303.4096261706276 738.2028115667131 322.6158973547336 365.8956722699655 547.3154641931836 737.6358217006546 401.6535002263021 177.6632591871488 419.7029583896211 838.6935367081351 307.420258911349 715.8211742104309 230.8113248023155 622.456253991395 593.3323539745662 568.1096568128376 80.73699056194752 648.6690567261553 548.4361192746153 272.0861625184199 324.2700504733671 491.0959072167065 514.0106113535012 508.2477596520583 485.927451706528 943.0221148594554 620.1359371878153 894.4434359874301 761.2075796108444 702.7975966521228 581.1839358318501 556.7020132350879 632.1956150591366 655.8497565281243 477.718357651242 295.846565794856 230.9355581975197 616.9799510073241 426.9968892219356 517.1759848146469 656.9445525841584 554.2680798115656 675.6964160575369 524.0991867127824 697.4883567079023 393.9362490759133 277.3383523496165 698.2625980761105 669.9730533454311 422.259550970727 581.989838394108 300.4748288129787 543.6873128481113 447.6556656102992 411.8758936439471 249.59196517917
324.6445733352091 1073.36765693353 266.2760020167045 120.385133372024 680.7606745354788 479.0830919506553 870.472577592195 355.791115472267 183.3781505550757 339.6245715919271 695.4840619201852 0.0 235.0421512005879 47.92900683302337 214.937173564742 705.0993527411581 434.94878596106 313.3172597942859 580.2542285386639 232.9761055323056 116.6563207117386 745.7609649237482 999.8009866324647 968.2369267119541 1029.271517798161 208.5630916077914 411.2270958497263 591.1153595111532 958.3254431008341 689.0310957763518 799.9182540716271 114.2601562225433 299.4708611818519 817.7524465814822 986.1678687003155 545.1655166369201 593.1348290304659 504.1664489927905 948.2927055639572 930.8563032888642 794.7425591579956 925.0595272206217 989.6909386223005 888.8671435611793 771.5071137001913 495.8756195862023 487.3121710043779 641.0176765555611 149.1611951815887 491.3115647824708 504.8680273456025 724.0750605427589 473.6096611535706 545.2707086365451 1002.488408959805 497.9278243249719 564.8377734270257 836.8540589338144 644.4193277827723 333.9163135352928 710.5862581347883 249.8199969998399 196.7473437076089 423.3980208326439 548.9665656640667 730.2911141647556 210.8149026160153 523.8299984195411 342.1795257069014 532.0739552665589 453.0963538125307 477.7398467722783 490.1393753801056 234.8528990943054 114.3062474320629 742.6824234092254 633.4269987401864 204.3348323732397 433.6533561382871 605.9378502521608 601.1015234226246 78.55049850892102 524.0714421381974 841.3611612868757 40.57338251859221 182.5771561860903 170.1744494100099 830.9882098032439 1057.660704827257 466.7331757321308 473.2464417584141 410.1920230343345 670.7696939322766 587.0042431984627 625.718934197296 985.2249688513529 195.1580665332591 661.6745796809789 430.4752388233265 866.4763797871238
232.418326620342 928.1486437316364 192.8321225859426 184.8876907638796 445.9447353529359 394.6270902003561 635.7862997242078 223.5263965307006 346.4527875079085 321.9816147856893 467.8973384515027 235.0421512005879 0.0 215.2269956511032 120.6491812860742 549.7205372086803 546.1644521808427 287.7769926349221 613.2364617991987 328.7781440941596 118.3863855559413 511.2915901215275 846.9973855740346 733.7989781505628 794.4400897908729 343.2365112163914 436.4409542103032 573.093951199103 755.6437651899273 464.7386909833955 663.041037384565 226.7377566727694 300.1827801856729 583.6121200189388 790.5652328514217 332.0541205360958 588.9017025106991 599.7203035557493 725.9219251860424 697.0322428472086 560.0002153446015 690.0234921118556 754.7230396009454 694.7403315085501 594.2846982120607 534.8129267706606 328.6095834329851 427.0015881915312 88.05044261671826 531.363770682571 302.5149569182324 523.0795537095672 361.2517099378215 615.6933988683003 772.7794887304276 525.4519937977208 377.7171155679869 742.1424027536765 581.9955715544578 224.9420160174617 477.0675772644794 231.8949346406687 97.6477317964939 199.2755199215398 328.1056438648991 614.2261496427843 59.49739969107896 357.2678742622354 174.7694115685008 655.2512245299508 348.8061048210166 598.4828993287945 542.0040824062121 343.3939381089887 125.7818925799735 646.3374363674133 588.9142350886078 289.8099755909033 353.3477204864919 381.0199015642227 368.8847853327649 158.258251048721 329.3097585839357 712.1130952461133 194.7264340042203 96.3026606693709 223.0295068393418 705.9876075973289 933.3187150463073 260.9496069244022 239.8483431379087 454.8807126643203 632.4228563492942 467.9657372158778 562.7573119453891 764.0541801361007 90.14438889914335 542.2834734315624 313.3974402783149 661.5580159260411
278.4895411537029 1088.233610746634 282.3788272268302 144.7941329785154 659.7474641785294 501.3537815485189 849.6568371689832 311.9321486878196 230.871901428043 369.4317223371593 682.1534812291146 47.92900683302337 215.2269956511032 0.0 174.7940955638949 715.8880158600226 481.4838561208465 265.4011645283419 620.9132190902365 275.3094971209674 101.5690678602496 720.6506225488187 1012.662780960794 942.6728611605461 1004.698070775957 254.4373314374288 449.022485504902 625.4820639043137 956.8347408299983 656.6109077884406 815.4833548056023 150.512155110476 330.6708431673406 798.1943897384897 987.1738572491284 538.2625388581301 629.3883655494435 550.036498965296 938.3279695058707 911.7771349323309 770.2021013896288 901.8857435072583 965.7897089859107 890.0865114107785 777.2164848753532 536.4603965587768 494.9412556101986 605.3753999632708 136.9279393695823 531.9750040227453 467.6076037147386 722.4322670673009 490.6266310118112 589.4011930637738 987.8026050819064 537.2092439831988 566.3731795644989 860.943031742519 672.6241015991027 288.6716996676328 692.06866838053 201.9770830292388 160.4791851674229 411.0994619663226 516.1077021949973 749.6755447125109 180.9168492678335 480.91636152102 302.578745011939 579.5166169015346 406.1206669232803 524.947732645832 532.0743439952729 278.7366082971521 109.8450276070792 765.8828998593714 664.3399173051398 244.0462850055292 455.7023810449097 574.2300137124582 573.6652500169415 76.83272604821462 485.1527719397365 858.7766573038649 40.88347745728097 147.5657129044549 122.4372306776007 849.2253684953129 1077.000363521429 430.6867790691978 447.7115551390203 450.3805639867244 702.9288600206994 604.4573413674451 653.6559399600068 975.9379993574945 160.3697526748732 679.8384605919262 445.6335323918073 863.9509145460754
129.5574982469174 1047.742415478564 297.0537980400184 230.8282548411264 513.2655143159337 510.2937497804572 701.0509402604064 145.1520907083325 376.6188265249097 420.2091726426257 556.3055294970561 214.937173564742 120.6491812860742 174.7940955638949 0.0 669.3724156192873 608.112611871354 168.8686193731683 705.3382803173241 387.899589482897 128.9462385104738 563.6354719284442 965.9899140639357 783.0734447152513 846.7451337599349 386.7533018514516 526.7836557382925 678.5237949622696 861.5536884218012 486.7964862941802 783.5377973352657 264.1388502284357 391.5275162756764 653.2338526515599 899.5080805691089 438.2431826668841 691.1540103573152 669.3217316253822 817.4049161847572 766.7395368176926 613.921573568644 747.4718330388376 809.4166396821171 804.9543455112284 710.3445230942517 623.5202166409682 449.0291718374208 432.0446609274208 130.3649470985203 619.6323564671231 293.362942518376 632.1156828366148 480.0915620524901 695.243578959921 853.1976197043689 617.5386636713528 493.6585389213885 861.5384084589613 696.5165846410263 130.6891871005402 551.4631664454118 111.2656596304539 29.80041509778007 302.2156867619548 346.5210649195803 734.6097475748603 61.84693707048064 309.8660017048279 127.796118739968 713.8673362754455 258.6693834991107 657.2891209399407 626.5986789724344 398.3412868596475 152.8150342669202 765.5602919986119 700.2933234416846 349.487902693355 467.4925867326668 405.9811956711911 413.5078551914099 163.5475985149278 310.3594570867947 832.7404919529251 178.9213621482913 43.03157920643864 119.8397917388044 826.6359249415669 1053.935761795419 257.5518621578963 295.1537044880175 539.5176600974243 743.0522784205697 588.0986916062643 677.1788071558353 856.4713910349305 37.53590794159639 662.6574619997876 432.1040500296195 767.0935173608233
758.8960930193276 378.4293706637687 439.725169652591 586.9574130079626 462.5943423627228 267.0658103408222 539.808433279807 726.3109686415316 665.7465065751378 419.2673573568541 352.8439025078936 705.0993527411581 549.7205372086803 715.8880158600226 669.3724156192873 0.0 648.2964545707465 830.5270558368343 512.0083717489393 576.8518568064075 621.9503726070112 548.2540482440598 298.2470811847955 679.5321523279159 704.9847677532686 628.2013639088982 463.8129224126901 385.0109614361648 325.8680695840112 645.7093967812145 124.9965685329002 609.6365630242333 455.6298914919872 491.7389930379733 325.5653103617191 284.7063280680638 420.6270086965411 639.8640856385051 424.1667728780862 548.4589516751549 560.9275013270432 611.1181999973818 665.8891852933865 240.1260016462398 102.2310030176755 501.1815305216265 223.0979259899114 681.5427362156315 589.2236404354462 502.6718819677504 662.326429599061 187.23153956532 241.9767878330482 594.0827051859026 530.2651438146399 475.7689001237891 190.4051110500976 269.9689983127693 278.0837891859214 743.8953805455442 433.273294272795 780.249198639127 647.3238559515631 393.6421692057394 606.9697185239145 140.2042247865592 609.1889510135587 768.8726161720004 665.2865286423587 726.6357615511364 840.0517452282389 691.2950468403487 529.3626353814558 593.8403117783432 607.2448086315766 207.6950113242974 324.6661099853202 567.6443037298974 300.9388586307857 604.3185036199122 539.0304517084354 639.0716407446039 694.7549584493873 179.2862245963142 678.0032490224512 644.568090458254 768.1896777359092 180.8156509265722 392.7165178798697 636.1274298762788 505.830933934452 499.8978545913155 352.1467712900404 148.8341844637851 274.0057830502853 441.8919268669081 639.6855829647874 118.341525898562 277.7436973974387 267.8775615631141
735.8482639029598 924.2194727954915 382.4526263852819 377.3748560277963 887.8424046986041 390.0211448549938 1054.44338370583 750.8080873299114 253.2515168957532 279.9908257389874 842.2901247266288 434.94878596106 546.1644521808427 481.4838561208465 608.112611871354 648.2964545707465 0.0 743.317437258134 217.9847218728873 220.6047037485828 479.3124014721506 975.7709517612215 877.1027561661462 1182.720573047163 1231.440131346356 227.3897931966165 187.2311879201753 314.2445540164538 971.1679725255616 979.1548497710461 679.0393809802197 345.6184820419765 272.2523107156301 997.0365844305816 973.8427858622368 674.4623590957467 290.4947182617956 73.53734711695822 1035.186330375749 1095.204841884663 1015.405736733844 1123.283811441187 1188.980241493478 886.3576167944912 747.3564642826072 164.9156496788585 524.3131369572958 958.7385122406891 482.1453614512951 161.3433115936326 845.8955978024948 772.1509236315139 436.9505894320318 135.860406299996 1124.071556062585 187.8236657399701 624.0096682047483 624.3093895441586 426.3968025032552 738.7835296972991 894.8428466054809 677.2352698213524 580.0802403642102 624.9302639831103 856.2785635305838 585.2555456456606 568.6522115775159 901.9173931711798 714.8411838401589 109.6375733496505 866.2978557809145 54.0550541670249 137.6866341697697 209.8776205887612 455.3221499740596 555.889320796865 386.8871158671481 259.5859421655958 372.571527995632 899.0421949796405 865.0435142557859 449.0954526612355 874.3535994198286 695.5235890873868 451.1804465377461 565.4756105527453 603.1711091696949 678.695127621379 866.8980828590463 804.104937602052 744.69951217387 150.2763869807895 399.7389764396261 499.8341014876836 416.1427022669027 1062.664869708202 574.0336167891214 545.2066079065805 432.5662911196387 899.5971305256592
87.72936564799728 1207.907385822479 463.9439720968471 376.1017224023309 608.7281821806839 679.105080648054 785.639909106583 141.9124785633738 495.7173234354434 583.3839275211479 675.0398395650438 313.3172597942859 287.7769926349221 265.4011645283419 168.8686193731683 830.5270558368343 743.317437258134 0.0 862.1431184495993 528.8194059374144 276.7621786389896 637.9762898423421 1124.675550057104 843.9092990435702 909.7129396992934 516.1014572678515 684.3191191206045 843.5046026815738 997.8431407594132 528.6060567732459 947.4046508192791 400.1023773048593 551.8352951470213 745.1080959679609 1040.123149712438 581.935731094938 854.3856872455203 809.5803385242258 933.7520279322611 855.0973846883231 687.5796244246917 820.2980833327846 876.6521579145802 948.3218393239766 863.9755208760257 778.8080865688287 613.2584110356743 457.4830171535223 290.4393839082434 774.6689699065014 324.5268003602168 775.6149750778411 648.6330838779347 843.0283496276979 953.8259372498322 775.1133748607361 648.9282282633419 1029.851331791633 865.0611708388026 109.2010307826808 653.4417116660063 66.89549965431156 196.8183090695578 448.0329804757681 401.2166777615308 901.6814830443177 230.4030870973737 280.6154465351764 189.1867994390729 843.7895515790653 160.6151625028285 788.6126628206016 779.0116850965717 535.712014742996 301.9001501308007 933.9726452632326 867.8776684418145 492.8995102635018 636.1184042432666 460.0723881940863 490.1711994803449 297.6046273245764 324.0973110521129 997.5726679540694 292.2434711161226 206.0044178603945 143.6949331500593 992.1479719542848 1218.475897656203 305.823225762858 398.2842072741524 693.2392867632359 910.2874874175741 755.6819790798244 845.7107690185812 973.478726215827 205.0091639707845 829.7740886126778 600.6767978414016 903.8446207186278
834.1830512909023 730.5826139095811 421.6608566099064 487.4098613569488 852.1531529466989 304.578907162003 994.1127260693326 835.3900026753971 420.3717829017547 291.863012696025 780.6930802626599 580.2542285386639 613.2364617991987 620.9132190902365 705.3382803173241 512.0083717489393 217.9847218728873 862.1431184495993 0.0 347.6757949613404 585.4208668342803 944.7006439804094 693.9268601353099 1130.8656524028 1170.875772766919 381.9939727796763 178.5546291754992 128.8259515664449 836.1927010607125 980.7872845722256 509.7740599206672 470.8109900129776 314.5383620482564 938.2307494475973 828.0570784943648 626.5752205162602 94.38254510236519 165.1500829215657 929.2372318826932 1022.576978976844 976.5679516029594 1066.117356016231 1128.935752118645 750.4689096274475 614.2063065005112 84.45338132366284 462.345916789583 977.9067519151763 575.3400126924947 88.963827941473 887.575790302124 670.2374377286008 363.2972460740654 97.45049222040902 1029.183574463517 87.97061142222442 549.9805763561111 424.0181863045499 246.5989300159269 831.7045361581239 846.8580032266331 795.4786572372637 675.5612479153907 622.3642015219064 877.3396431302989 415.7191611953916 653.0668678979206 963.9106154581847 787.7892959846561 242.2837594887449 959.1844393243722 231.7400090554067 94.10116701189207 348.5352028274906 560.2559779716769 371.1687006874367 199.7157567394221 376.8669633915927 314.3696488991901 908.4165050297192 861.3791585416959 567.3661225919292 919.5357486302586 514.6114303948174 583.462189983207 662.954296792773 733.9091010261421 496.5622293821793 663.2862205423011 847.2478795028053 758.1826998144973 170.604766363663 197.3116264617977 376.2733498402458 243.5891174334355 950.772916847135 668.0893408055542 395.883662129419 383.4668165317568 778.555809187755
516.2490276416993 915.3347090349935 191.7247298316 157.0784527871344 708.7462464979974 314.9453434010416 887.4985467464159 530.2139588845242 92.98262359172273 158.4082671390607 683.7540819739214 232.9761055323056 328.7781440941596 275.3094971209674 387.899589482897 576.8518568064075 220.6047037485828 528.8194059374144 347.6757949613404 0.0 259.4166635299283 791.1929376738648 851.6324248032423 1006.990881807879 1060.785691015264 52.02033265945147 185.2461424429669 371.3045336768728 875.8953960681664 776.9517068192591 646.0584890627164 128.7646373388284 121.4000749670279 830.5890895051537 891.1347264667237 515.0840748664241 368.0869106855064 282.047432743147 907.1571343966876 936.4748307571379 834.7240720741197 952.407349572356 1018.762422777897 796.2378171624418 663.160049364405 263.4892283358088 393.8321028687225 749.5669851747008 261.5829972398818 258.8635335461524 630.7821337546269 653.2232920625229 335.7714637502717 315.0473043401578 983.0821131107823 267.2578298198203 491.5794726033625 647.3449018205057 444.4278184958724 518.5851402768884 723.9375942282595 462.0941577319497 359.6417124430924 436.5318114708251 647.8932364903959 562.7652651550201 348.2487217148112 682.3778995229377 494.7927983408813 328.0981273856954 646.4048278917865 271.2343090853367 257.1702347570574 19.07920386179666 235.1013387137555 559.0358415021348 423.9215491809777 39.20864560272395 276.3376138440079 694.7578851388517 667.7326948293007 231.6265375750369 658.0672840000558 678.287232804068 240.0309691227363 345.1274347396915 392.8663449126178 664.811439466109 882.1390448374282 589.0564837093299 542.1194416915888 178.6497063417682 456.3363708373462 435.8092215109726 427.3699681938356 939.4481466225526 353.5075589573722 502.5702697185738 308.5193180742496 792.4796165870766
256.8389283305784 997.2198911873732 201.1292009430755 102.4841542532308 564.2043574734247 423.4233368781178 753.979355909696 273.1949944728124 250.5743374829115 309.674958698633 581.8502938944004 116.6563207117386 118.3863855559413 101.5690678602496 128.9462385104738 621.9503726070112 479.3124014721506 276.7621786389896 585.4208668342803 259.4166635299283 0.0 629.3183637889491 919.8298555832215 851.8210716672897 912.6958266616158 258.2160850624918 407.5683626644737 570.5122319214549 855.7921855744011 576.5663162165823 725.9288506410254 135.4125261635717 276.089086211317 701.490664117492 886.8361024093588 436.6936743301877 579.4919416048854 541.273689369805 837.1426185626975 814.7429193594811 678.1967248321095 808.4042965497154 873.060436863159 789.8866899058436 679.341526156027 502.2483627071372 399.4271812696277 532.4827168043016 35.38115670805581 498.1531871794057 399.8675313143592 621.4682490505851 405.1160324647742 569.5305041426666 888.1842149531262 498.3518182057733 466.7287807753021 782.7228153388658 603.1295912571361 259.515932769069 594.5647670725201 210.254505932691 101.8735858306754 310.2191065698565 437.421428753782 665.0995204704332 101.5159472250542 433.123317272779 245.4407527143771 584.9213104657754 387.0438246426494 528.3465410239761 503.2350014734668 269.4734564015536 25.20837614762206 686.7792066778086 600.5959881526016 221.379422487728 378.2293146809222 493.0557091530429 485.469827615476 41.65340766371943 422.1752115259848 771.202284013734 76.39558694715286 86.87238595203883 159.3280557654552 762.6959796891551 991.1580165908412 360.0319623825085 357.1086062712575 416.9449126695276 641.593207735244 518.3254179615351 583.8335884111157 874.63526455295 96.79496667182646 594.0712973591639 358.3711425128982 762.726059017915
551.1910620247755 824.5782051718177 601.1670270681851 682.7162672040267 92.95999919320138 640.9221512984241 150.597371796456 496.1731221872059 838.5769568292466 697.2119085421591 196.0807242464185 745.7609649237482 511.2915901215275 720.6506225488187 563.6354719284442 548.2540482440598 975.7709517612215 637.9762898423421 944.7006439804094 791.1929376738648 629.3183637889491 0.0 739.4894916638438 222.5106118148301 284.0841892744649 823.2153405063586 807.9960840406344 844.4535372855039 486.0059078040204 147.2067630931405 661.293266535355 724.6093815180699 704.249379649709 125.5371559738391 543.0636642953775 318.6898598732002 875.7979993314667 1005.942521679047 352.5277157328343 221.3783990786138 50.3963463457422 184.3421679443963 245.8661568136005 485.2899301413641 497.7464819142372 892.6452165916759 483.0123638427903 222.465558763351 599.0238022983727 891.3746721356849 318.7820030225044 372.5282956340364 581.9406474495487 992.063727447486 332.3881700827527 872.3158358444492 406.6108291843688 818.1335650479084 777.1307996006849 529.5323476058851 115.3465302555738 631.0026585086628 566.161940370421 354.7722478168212 237.6607676184692 685.4026152853518 540.041868859258 406.0634139990161 458.4765768117276 1081.773347059817 540.330928124432 1029.48320153852 912.7969369416179 809.5176937813034 636.448586525259 750.0895360082021 812.8889952416628 757.7282032925789 632.0107789033349 182.1649238646397 150.7776292723824 669.5496937524503 331.0021231883717 712.9579235901653 705.2306202604932 576.4319808832608 680.2395735180363 720.10755020344 887.6453962961166 332.1767865534857 272.9615324271902 840.8865649664049 852.8094280165997 605.1046687879709 764.2112671434517 389.3634809454386 564.0194790829479 638.3431107797751 563.0018847037726 414.6863832355724
