0.0 59.20304046246274 73.17103251970687 54.58937625582472 33.12099032335839 53.33854141237835 64.28841264178172 80.4114419718985 80.52949770115296 36.40054944640259 60.40695324215582 57.0087712549569 14.56021977856104 88.0 49.8196748283246 8.602325267042627 65.55150646628954 56.1426753904728 68.0294054067798 95.02105029939419 64.07027391856539 25.94224354214569 8.54400374531753 51.03920062069938 105.3944970100432 81.32035415564789 93.40770846134703 84.01190391843289 14.14213562373095 93.43446901438462 19.69771560359221 68.59300255857006 60.14149981501958 64.63745044476924 32.57299494980466 4.242640687119285 20.6155281280883 18.60107523773828 95.2102935611481 89.55445270895244 58.85575587824864 60.00833275470999 66.09841147864296 78.91767862779544 97.94386147176351 99.00505037623081 12.52996408614167 65.7419196555744 90.80198235721508 30.47950130825634 43.82921400162225 41.86884283091664 33.95585369269929 67.80117993073571 95.2732911156112 52.80151512977634 43.82921400162225 21.2602916254693 26.24880949681338 50.20956084253277 87.66413177577246 77.98717843338096 30.01666203960727 55.14526271584895 49.04079934095692 30.67572330035593 60.8276253029822 78.64477096412705 21.47091055358389 20.09975124224178
59.20304046246274 0.0 19.4164878389476 8.54400374531753 42.5205832509386 22.3606797749979 5.099019513592784 22.02271554554524 52.49761899362675 47.20169488482379 81.8413098624405 52.39274758971894 53.03772242470448 34.88552708502482 23.43074902771996 56.859475903318 40.19950248448356 12.0415945787923 13.0 42.04759208325728 52.15361924162119 34.23448553724738 50.69516742254631 19.84943324127921 80.23091673413684 22.13594362117865 58.309518948453 26.1725046566048 55.03635162326805 43.82921400162225 49.04079934095692 13.0384048104053 62.0966987850401 53.15072906367325 49.33558553417604 61.39218191268331 54.40588203494178 42.2965719651132 74.72616676907762 63.56886030125127 26.01922366251538 17.26267650163207 36.49657518178932 35.0 72.80109889280519 64.66065264130884 50.99019513592785 80.05623023850174 31.62277660168379 53.75872022286245 66.2872536767062 49.73932046178355 33.94112549695428 71.80529228406496 36.71511950137164 72.94518489934754 22.84731931759173 53.60037313302958 37.01351104664349 55.1543289325507 65.25335240430181 75.23961722390672 31.01612483854165 93.60555539069249 76.27581530209953 28.63564212655271 75.76938695805846 37.73592452822641 47.09564735726646 55.14526271584895
73.17103251970687 19.4164878389476 0.0 19.23538406167134 48.75448697299562 22.82542442102665 16.27882059609971 11.6619037896906 39.0 51.62363799656123 81.5659242576212 48.82622246293481 69.58448102845921 15.8113883008419 42.80186911806539 69.05070600652827 31.38470965295043 17.0293863659264 25.49509756796392 23.08679276123039 45.61797891182817 50.48762224545735 65.03076195155643 39.20459156782532 64.76109943476871 18.68154169226941 41.43669871020132 12.8062484748657 71.56814934033156 24.4131112314674 66.2872536767062 6.403124237432849 58.52349955359813 46.51881339845203 68.15423684555495 76.02631123499285 63.56886030125127 58.309518948453 61.1310068623117 49.25444142409901 21.21320343559643 14.31782106327635 26.92582403567252 17.72004514666935 57.87054518492115 47.53945729601885 62.96824596572466 77.6659513557904 25.23885892824793 59.94163828258284 68.8839603971781 52.00961449578337 42.05948168962618 67.11929677819934 33.12099032335839 73.55270219373317 42.05948168962618 62.62587324740471 54.3415126767741 54.48853090330111 52.00961449578337 67.67569726275453 48.05205510693585 97.6165969494942 78.64477096412705 44.28317965096906 74.2024258363566 21.37755832643195 64.53681120105021 72.56721022610694
54.58937625582472 8.54400374531753 19.23538406167134 0.0 34.65544690232691 14.0356688476182 12.0415945787923 25.96150997149434 46.09772228646444 39.05124837953327 73.35529974037323 43.93176527297759 50.35871324805669 34.92849839314596 27.45906043549196 51.24451190127583 32.7566787083184 4.47213595499958 21.54065922853801 42.20189569201838 44.01136216933077 31.25699921617557 46.2709412050371 24.18677324489565 74.24284477308234 28.30194339616981 53.41348144429457 29.42787793912432 52.3450093132096 42.5440947723653 47.07440918375928 14.0356688476182 53.60037313302958 45.0111097397076 49.64876634922564 57.21887800367987 47.50789408087881 39.11521443121589 68.00735254367721 57.27128425310541 18.43908891458577 10.81665382639197 29.41088233970548 31.24099870362662 66.64082832618455 59.81638571495272 45.22167621838005 71.5122367151245 37.589892258425 46.01086828130936 58.00862004909271 41.34005321718877 26.40075756488817 63.34824385884742 43.60045871318328 64.4980619863884 24.75883680627989 46.64761515876241 35.17101079013795 46.61544808322666 58.52349955359813 67.06713054842886 28.86173937932362 85.63293758829018 68.00735254367721 25.07987240796891 67.23094525588644 33.24154027718932 45.35416188179427 53.36665625650534
33.12099032335839 42.5205832509386 48.75448697299562 34.65544690232691 0.0 26.0 46.66904755831214 58.83026432033091 47.53945729601885 6.0 41.97618372363071 24.83948469674844 39.05124837953327 61.1310068623117 48.05205510693585 25.63201123595259 32.98484500494128 33.60059523282288 55.0 67.468511173732 31.24099870362662 28.63564212655271 28.31960451701259 46.84015371452148 72.42237223399962 62.62587324740471 60.7289058027559 61.29437168288782 40.36087214122113 64.38167441127949 39.96248240537617 46.32493928760188 30.46309242345563 31.89043743820395 50.69516742254631 37.21558813185679 16.0 30.4138126514911 62.48199740725323 56.43580423808985 29.6141857899217 34.43835071544513 34.23448553724738 49.16299421312742 64.89992295835181 66.12866246946176 20.591260281974 43.0 71.61005515987263 11.40175425099138 24.69817807045694 11.40175425099138 8.94427190999916 39.84971769034255 78.10249675906654 32.7566787083184 41.59326868617084 15.0 34.20526275297414 20.24845673131659 54.644304369257 48.30113870293329 31.14482300479487 51.0881590977792 34.43835071544513 26.0 38.01315561749642 48.0 39.82461550347976 45.0
53.33854141237835 22.3606797749979 22.82542442102665 14.0356688476182 26.0 0.0 24.69817807045694 33.42154993413681 34.40930106817051 28.84441020371191 60.74537019394976 30.08321791298265 52.92447448959697 35.51056180912941 39.56008088970496 48.01041553663121 19.69771560359221 10.44030650891055 35.17101079013795 42.19004621945798 30.0 34.9857113690718 45.89117562233506 36.68787265568828 62.68173577685928 38.28837943815329 44.04543109109048 35.51056180912941 54.78138369920935 40.11234224026316 51.0 21.21320343559643 39.84971769034255 31.0 56.72741841473134 56.71860364994893 41.23105625617661 41.6293165929973 55.46169849544819 45.48626166217664 6.403124237432849 8.602325267042627 17.20465053408525 25.70992026436488 54.91812087098393 50.32891812864648 42.0 58.18075283115542 46.69047011971501 37.12142238654117 46.66904755831214 29.69848480983499 20.09975124224178 49.47726750741192 53.81449618829484 52.20153254455275 35.35533905932738 40.26164427839479 40.22437072223753 33.61547262794322 46.06517122512408 53.03772242470448 34.20526275297414 75.16648189186454 56.58621740318043 28.84441020371191 54.12023651093924 26.0 49.73932046178355 57.24508712544684
64.28841264178172 5.099019513592784 16.27882059609971 12.0415945787923 46.66904755831214 24.69817807045694 0.0 17.11724276862369 52.17278984298233 51.0881590977792 85.0881895447306 54.70831746635972 58.07753438292642 31.06444913401813 26.92582403567252 61.84658438426491 41.01219330881975 14.31782106327635 11.0 38.07886552931954 53.75872022286245 39.319206502675 55.78530272392541 23.3238075793812 79.37883848986453 17.08800749063506 56.79788728465171 21.37755832643195 60.07495318350236 40.45985664828782 54.00925846556311 10.0 64.51356446515724 54.74486277268398 53.85164807134504 66.49060083951716 59.07622195096772 47.38143096192854 74.52516353554684 63.06346010171025 27.29468812791236 18.11077027627483 37.01351104664349 33.12099032335839 72.12489168102785 63.06346010171025 55.94640292279746 82.85529554590944 26.57066051117285 58.0 70.0 53.25410782277739 38.28837943815329 74.04052944165107 31.90611226708763 76.32168761236873 27.20294101747089 58.24946351684279 42.0 58.13776741499453 65.11528238439882 76.79192665899195 36.05551275463989 97.67292357659824 80.0 33.734255586866 78.7210264160726 36.24913792078372 52.03844732503075 60.07495318350236
80.4114419718985 22.02271554554524 11.6619037896906 25.96150997149434 58.83026432033091 33.42154993413681 17.11724276862369 0.0 49.36598018878993 62.20128616033595 93.08598175880189 60.4648658313239 75.0066663703967 17.4928556845359 43.08131845707603 77.20103626247513 42.95346318982906 25.49509756796392 21.4009345590327 23.3452350598575 57.24508712544684 56.08029957123981 72.00694410957877 39.56008088970496 73.55270219373317 8.06225774829855 49.64876634922564 4.47213595499958 77.00649323271382 27.78488797889961 71.06335201775947 12.52996408614167 70.178344238091 58.13776741499453 70.83078426785913 82.87339742040264 72.91776189653656 64.1248781675256 71.02816342831905 59.00847396772772 32.64965543462902 24.83948469674844 38.48376280978771 27.01851217221259 67.11929677819934 55.31726674375732 71.16881339463234 89.30845424706443 13.60147050873544 70.178344238091 79.98124780221924 63.0317380372777 51.42956348249516 78.77182237323191 21.47091055358389 84.95881355103778 44.14748010928823 72.01388754955533 59.03388857258177 65.94694837519019 62.20128616033595 79.12016177940993 53.0 108.5771615027764 89.8276126811795 50.24937810560445 85.80209787645055 31.06444913401813 69.1158447825099 77.1621668954417
80.52949770115296 52.49761899362675 39.0 46.09772228646444 47.53945729601885 34.40930106817051 52.17278984298233 49.36598018878993 0.0 45.60701700396552 57.77542730261716 28.0178514522438 84.0535543567314 37.16180835212409 73.35529974037323 73.16419889536138 15.62049935181331 41.6293165929973 62.96824596572466 38.8329756778952 20.09975124224178 67.94115100585212 74.79304780526061 70.21395872616783 28.30194339616981 57.21887800367987 14.0 48.05205510693585 85.70297544426332 32.01562118716424 83.24061508662703 43.28972164382672 33.52610922848042 20.22374841615668 90.52071586106685 84.52810183601665 62.6418390534633 73.40980860893181 22.3606797749979 11.18033988749895 28.30194339616981 35.4682957019364 17.20465053408525 22.56102834535696 20.591260281974 18.68154169226941 68.0294054067798 50.60632371551998 61.61168720299745 54.12947441089743 53.23532661682466 41.59326868617084 47.70744176750625 37.73592452822641 69.85699678629192 52.88667128870941 69.6419413859206 61.68468205316454 73.55270219373317 37.01351104664349 13.0384048104053 33.30165161069343 67.89698078707183 79.81227975693966 60.41522986797286 62.22539674441618 49.24428900898052 18.43908891458577 82.3286098510111 89.20201791439474
36.40054944640259 47.20169488482379 51.62363799656123 39.05124837953327 6.0 28.84441020371191 51.0881590977792 62.20128616033595 45.60701700396552 0.0 36.1386219991853 20.6155281280883 43.82921400162225 62.96824596572466 53.9351462406472 28.30194339616981 32.0624390837628 37.48332962798263 59.90826320300064 68.96375859826666 27.78488797889961 34.52535300326414 32.64965543462902 52.63078946776307 69.1158447825099 66.52818951391959 59.22837157984339 64.35060217278468 45.0 65.30696746902278 45.17742799230607 49.8196748283246 25.05992817228334 28.30194339616981 56.30275304103699 40.60788100849391 17.08800749063506 35.84689665786984 58.82176467941097 53.71219600798314 31.38470965295043 37.44329045369811 34.05877273185281 50.00999900019995 61.773780845922 64.28841264178172 24.08318915758459 37.0 75.28612089887484 9.055385138137417 19.23538406167134 5.830951894845301 14.56021977856104 34.17601498127012 82.07313811473277 26.92582403567252 47.51841748206689 16.15549442140351 40.024992192379 14.7648230602334 51.478150704935 43.04648650006177 37.12142238654117 46.66904755831214 29.1547594742265 32.0 32.01562118716424 48.37354648979129 45.18849411078001 49.92995093127971
60.40695324215582 81.8413098624405 81.5659242576212 73.35529974037323 41.97618372363071 60.74537019394976 85.0881895447306 93.08598175880189 57.77542730261716 36.1386219991853 0.0 33.30165161069343 72.78049189171504 88.72992730753249 90.02777349240623 52.20153254455275 52.63078946776307 70.83078426785913 94.81033698917012 93.00537618869137 39.11521443121589 69.06518659932803 61.18823416311342 88.76936408468859 68.00735254367721 98.812954616285 70.83784299369935 94.17536832951598 73.24616030891995 87.36704184073076 75.95393340703298 81.60882305241266 24.69817807045694 38.58756276314948 88.56635930193812 64.25729530566937 41.59326868617084 68.18357573492314 57.0087712549569 59.43904440685432 60.4400529450463 68.81860213634101 56.72741841473134 73.40980860893181 63.19810123729984 73.24616030891995 51.78802950489621 9.219544457292887 106.6677083282471 34.0 18.0 32.31098884280702 50.69516742254631 21.21320343559643 114.2015761712596 9.219544457292887 83.54639429682169 41.43669871020132 74.0 27.20294101747089 54.91812087098393 31.06444913401813 72.24956747275377 24.08318915758459 11.6619037896906 67.60177512462228 8.54400374531753 70.21395872616783 76.6550715869472 79.07591289387686
57.0087712549569 52.39274758971894 48.82622246293481 43.93176527297759 24.83948469674844 30.08321791298265 54.70831746635972 60.4648658313239 28.0178514522438 20.6155281280883 33.30165161069343 0.0 63.89053137985315 55.44366510251645 66.27216610312357 48.82622246293481 19.4164878389476 40.52159917870962 65.25335240430181 59.90826320300064 8.06225774829855 51.89412298131649 53.03772242470448 64.07027391856539 48.76474136094644 66.73080248281148 42.01190307520001 61.22091146005587 65.19202405202648 54.58937625582472 64.63745044476924 49.64876634922564 9.848857801796104 8.246211251235321 74.70609078247904 61.22091146005587 37.21558813185679 54.91812087098393 38.27531841800928 34.20526275297414 28.17800560721074 37.16180835212409 23.43074902771996 40.22437072223753 41.6293165929973 46.17358552246078 44.68780594300866 28.84441020371191 74.06078584514209 27.73084924772409 25.31797780234433 15.26433752247375 29.54657340538832 19.4164878389476 81.83520025025906 26.41968962724581 60.67124524847005 36.35931792539569 57.69748694700662 9.0 31.38470965295043 24.73863375370596 53.48831648126533 52.92447448959697 33.24154027718932 47.75981574503821 25.49509756796392 37.21558813185679 64.35060217278468 69.81403870282824
14.56021977856104 53.03772242470448 69.58448102845921 50.35871324805669 39.05124837953327 52.92447448959697 58.07753438292642 75.0066663703967 84.0535543567314 43.82921400162225 72.78049189171504 63.89053137985315 0.0 85.15867542417507 38.91015291668744 21.02379604162864 68.5054742338158 52.95280917949491 59.66573556070519 92.39588735436226 70.00714249274856 19.1049731745428 11.70469991071963 40.85339643163099 110.6345334875146 74.54528824815154 95.88013350011565 79.00632886041473 2.0 91.92388155425118 5.656854249492381 64.19501538281614 68.79680225126747 70.7248188403477 18.02775637731995 13.0384048104053 31.32091952673165 11.40175425099138 101.1385188738692 94.02127418834527 59.09314681077663 57.97413216254298 68.09552114493287 78.43468620451031 102.9417310909429 101.8724692937204 21.18962010041709 77.1621668954417 83.86298349093002 40.31128874149275 55.36244214266564 49.64876634922564 36.40054944640259 77.41446893184762 87.32124598286491 64.5600495662759 33.83784863137726 31.62277660168379 16.27882059609971 58.52349955359813 92.84934033152847 86.82165628459296 22.02271554554524 69.46221994724903 61.81423784210237 25.31797780234433 72.11102550927978 78.92401408950256 7.810249675906654 6.324555320336759
88.0 34.88552708502482 15.8113883008419 34.92849839314596 61.1310068623117 35.51056180912941 31.06444913401813 17.4928556845359 37.16180835212409 62.96824596572466 88.72992730753249 55.44366510251645 85.15867542417507 0.0 57.9827560572969 83.2946576918352 36.12478373637688 32.2490309931942 38.2099463490856 7.280109889280518 50.20956084253277 66.09841147864296 80.05623023850174 54.3783044972901 58.0 25.07987240796891 34.0147027033899 13.92838827718412 87.13208364316786 10.295630140987 82.0 21.93171219946131 64.38167441127949 50.93132631298737 83.93449827097318 91.0494371207203 76.68767828015137 73.824115301167 57.0701322935211 45.12205669071391 31.62277660168379 28.0178514522438 32.01562118716424 15.62049935181331 52.23983154643591 39.11521443121589 77.23341245859851 83.43860018001261 26.01922366251538 71.78439941937245 78.39005038906404 62.16912416947821 55.57877292636101 71.58910531638176 34.0147027033899 81.60882305241266 57.69748694700662 75.7099729229908 70.09279563550022 62.68173577685928 49.04079934095692 69.6419413859206 63.78871373526825 107.1867529128483 87.66413177577246 59.84145720150872 80.72174428244226 19.4164878389476 80.2807573457052 88.29496021857646
49.8196748283246 23.43074902771996 42.80186911806539 27.45906043549196 48.05205510693585 39.56008088970496 26.92582403567252 43.08131845707603 73.35529974037323 53.9351462406472 90.02777349240623 66.27216610312357 38.91015291668744 57.9827560572969 0.0 50.99019513592785 59.23681287847955 31.90611226708763 23.1948270094864 65.0 68.4470598345904 24.83948469674844 41.77319714841084 3.605551275463989 101.5972440571101 39.81205847478876 80.80222769206304 47.53945729601885 40.71854614300467 67.20119046564577 33.61547262794322 36.40054944640259 75.02666192761077 69.42621983083913 29.0 50.47771785649585 53.71219600798314 31.24099870362662 94.93682109698007 84.53401682163222 45.18849411078001 38.27531841800928 56.36488268416781 58.05170109479997 93.94147114027967 87.20091742636656 46.40043103248072 90.55385138137417 48.25971404805462 57.24508712544684 72.53275122315436 58.42088667591412 39.45883931389772 85.0235261559999 50.08991914547278 80.8084154033477 6.708203932499369 53.23532661682466 23.60084744241189 66.06814663663572 85.492689745966 90.79647570252934 20.6155281280883 96.15092303249095 81.9084855189009 23.25940669922602 85.70880934886448 60.4400529450463 31.38470965295043 38.60051813123756
8.602325267042627 56.859475903318 69.05070600652827 51.24451190127583 25.63201123595259 48.01041553663121 61.84658438426491 77.20103626247513 73.16419889536138 28.30194339616981 52.20153254455275 48.82622246293481 21.02379604162864 83.2946576918352 50.99019513592785 0.0 58.52349955359813 52.17278984298233 66.88796603276258 90.13878188659973 56.08029957123981 26.1725046566048 10.44030650891055 51.62363799656123 97.41663102366043 78.92401408950256 86.33075929238663 80.52328855678958 21.21320343559643 88.02272433866155 25.17935662402834 65.0 51.62363799656123 56.60388679233962 38.3275357934736 12.8062484748657 12.0415945787923 20.591260281974 87.09190547921202 81.8413098624405 53.08483775994799 55.32630477449221 59.43904440685432 73.17103251970687 90.0499861188218 91.76055797563569 6.082762530298219 57.27128425310541 88.3911760301898 21.93171219946131 35.34119409414458 33.60059523282288 28.0178514522438 59.20304046246274 93.47192091746055 44.38468204234429 44.55333881989093 12.72792206135786 28.30194339616981 41.77319714841084 79.75587752636166 69.42621983083913 30.4138126514911 48.83646178829912 41.0 29.41088233970548 52.32590180780452 72.56031973468694 26.47640458974745 27.16615541441225
65.55150646628954 40.19950248448356 31.38470965295043 32.7566787083184 32.98484500494128 19.69771560359221 41.01219330881975 42.95346318982906 15.62049935181331 32.0624390837628 52.63078946776307 19.4164878389476 68.5054742338158 36.12478373637688 59.23681287847955 58.52349955359813 0.0 28.44292530665578 52.00961449578337 40.49691346263317 14.42220510185596 52.3450093132096 59.4810894318522 56.30275304103699 43.41658669218482 49.9799959983992 27.85677655436824 43.04648650006177 70.178344238091 35.34119409414458 67.62396025078685 33.734255586866 28.2842712474619 15.26433752247375 75.0066663703967 69.46221994724903 48.66210024238575 57.8013840664737 35.77708763999664 26.24880949681338 14.31782106327635 23.02172886644268 4.47213595499958 20.80865204668481 35.60898762952971 33.54101966249684 53.14132102234569 47.4236228055175 56.35601121442149 41.01219330881975 43.65775990588615 29.1547594742265 32.2490309931942 36.05551275463989 64.40496875241847 45.79301256742124 55.00909015790027 47.67598976424087 57.9827560572969 27.31300056749533 26.41968962724581 36.40054944640259 52.40229002629561 72.01388754955533 52.32590180780452 46.69047011971501 44.59820624195552 17.88854381999832 66.70832032063167 73.60027173862879
56.1426753904728 12.0415945787923 17.0293863659264 4.47213595499958 33.60059523282288 10.44030650891055 14.31782106327635 25.49509756796392 41.6293165929973 37.48332962798263 70.83078426785913 40.52159917870962 52.95280917949491 32.2490309931942 31.90611226708763 52.17278984298233 28.44292530665578 0.0 24.73863375370596 39.45883931389772 40.11234224026316 33.95585369269929 48.01041553663121 28.6530975637888 69.77105417004964 29.06888370749727 49.04079934095692 28.46049894151541 54.91812087098393 39.21734310225516 50.0 13.0 50.28916384272063 41.10960958218893 53.33854141237835 59.00847396772772 47.4236228055175 41.59326868617084 63.56886030125127 52.80151512977634 14.14213562373095 6.403124237432849 25.0 27.20294101747089 62.16912416947821 55.44366510251645 46.09772228646444 68.54195795277518 38.01315561749642 45.0 56.08029957123981 39.20459156782532 25.94224354214569 59.90826320300064 44.59820624195552 62.12889826803627 29.0 46.51881339845203 38.27531841800928 43.82921400162225 54.08326913195984 63.19810123729984 31.95309061734092 84.1486779456457 66.06814663663572 27.65863337187866 64.40496875241847 29.0 48.38388161361178 56.32051136131489
68.0294054067798 13.0 25.49509756796392 21.54065922853801 55.0 35.17101079013795 11.0 21.4009345590327 62.96824596572466 59.90826320300064 94.81033698917012 65.25335240430181 59.66573556070519 38.2099463490856 23.1948270094864 66.88796603276258 52.00961449578337 24.73863375370596 0.0 44.59820624195552 64.6297145282261 42.15447781671598 59.50630218724736 20.02498439450079 89.8443097808648 16.76305461424021 66.85057965343307 25.80697580112788 61.61168720299745 48.27007354458868 54.91812087098393 19.92485884517128 75.0 65.62011886609167 52.08646657242167 69.6419413859206 65.85590330410783 49.9799959983992 85.32877591996736 73.7563556583431 38.2099463490856 29.06888370749727 48.01041553663121 43.08131845707603 82.71033792700887 73.00684899377592 61.29437168288782 93.04837451562494 25.07987240796891 66.06814663663572 79.07591289387686 62.64982043070834 46.22769732530488 84.64632301523794 27.65863337187866 85.88364221433555 26.1725046566048 65.11528238439882 43.41658669218482 68.15423684555495 75.95393340703298 87.69264507357501 38.27531841800928 106.0424443324464 89.04493247793498 37.589892258425 88.76936408468859 46.48655719667784 52.77309920783505 60.53098380168623
95.02105029939419 42.04759208325728 23.08679276123039 42.20189569201838 67.468511173732 42.19004621945798 38.07886552931954 23.3452350598575 38.8329756778952 68.96375859826666 93.00537618869137 59.90826320300064 92.39588735436226 7.280109889280518 65.0 90.13878188659973 40.49691346263317 39.45883931389772 44.59820624195552 0.0 54.03702434442518 73.348483283569 87.14355971613737 61.40032573203501 56.43580423808985 30.23243291566195 32.98484500494128 19.20937271229855 94.36630754670864 7.280109889280518 89.26925562588724 29.1547594742265 68.41052550594829 54.67174773134658 91.18113840043894 98.12746812182611 83.18653737234169 81.04936767180853 56.92099788303083 45.31004303683677 37.8549864614954 35.0142828000232 36.71511950137164 19.72308292331602 51.41984052872976 37.21558813185679 84.09518416651456 87.20665112249179 29.12043955712207 77.88452991448301 83.6301381082203 67.77905281132217 62.28964600958975 74.96665925596525 36.49657518178932 86.28441342444185 64.88451279003334 82.20097323024831 77.3692445355388 67.60177512462228 49.65883607174055 72.00694410957877 71.06335201775947 112.2942563090384 92.66067126888301 67.08203932499369 84.81155581640984 22.80350850198276 87.55569655939013 95.56673061269805
64.07027391856539 52.15361924162119 45.61797891182817 44.01136216933077 31.24099870362662 30.0 53.75872022286245 57.24508712544684 20.09975124224178 27.78488797889961 39.11521443121589 8.06225774829855 70.00714249274856 50.20956084253277 68.4470598345904 56.08029957123981 14.42220510185596 40.11234224026316 64.6297145282261 54.03702434442518 0.0 56.60388679233962 59.54829972383762 65.92419889539804 41.34005321718877 64.07807737440318 34.05877273185281 57.4543296888929 71.42128534267638 48.25971404805462 70.2922470831599 47.43416490252569 14.42220510185596 1.0 79.61155694998057 68.24221567329127 44.7213595499958 60.4400529450463 31.24099870362662 26.24880949681338 26.47640458974745 35.6931365951495 18.86796226411321 34.65544690232691 34.0 38.11823710509184 51.61395160225576 33.24154027718932 70.71067811865476 35.4682957019364 33.13608305156178 22.84731931759173 34.40930106817051 21.63330765278394 78.71467461661771 33.24154027718932 63.32456079595025 43.82921400162225 62.43396511515186 17.0293863659264 23.70653918225939 23.08679276123039 57.70615218501403 60.08327554319921 40.52159917870962 51.88448708429139 30.80584360149873 31.24099870362662 69.81403870282824 75.7429864739964
25.94224354214569 34.23448553724738 50.48762224545735 31.25699921617557 28.63564212655271 34.9857113690718 39.319206502675 56.08029957123981 67.94115100585212 34.52535300326414 69.06518659932803 51.89412298131649 19.1049731745428 66.09841147864296 24.83948469674844 26.1725046566048 52.3450093132096 33.95585369269929 42.15447781671598 73.348483283569 56.60388679233962 0.0 17.4928556845359 25.49509756796392 95.524865872714 56.08921464952063 78.81624198095213 60.00833275470999 21.09502310972899 73.08214556237385 16.15549442140351 45.09988913511872 58.82176467941097 57.4543296888929 23.02172886644268 27.51363298439521 29.73213749463701 8.06225774829855 86.83317338436964 78.49203781276162 41.34005321718877 39.21734310225516 51.22499389946279 60.00833275470999 87.72684879784524 85.0 21.63330765278394 71.25307010929424 65.5133574166368 35.12833614050059 51.0881590977792 40.024992192379 22.3606797749979 68.41052550594829 69.57010852370435 60.00833275470999 18.38477631085023 29.41088233970548 5.830951894845301 48.76474136094644 77.98717843338096 76.32168761236873 4.242640687119285 72.2357252334328 59.6824932455071 6.324555320336759 66.18912297349165 60.8276253029822 14.7648230602334 22.47220505424423
8.54400374531753 50.69516742254631 65.03076195155643 46.2709412050371 28.31960451701259 45.89117562233506 55.78530272392541 72.00694410957877 74.79304780526061 32.64965543462902 61.18823416311342 53.03772242470448 11.70469991071963 80.05623023850174 41.77319714841084 10.44030650891055 59.4810894318522 48.01041553663121 59.50630218724736 87.14355971613737 59.54829972383762 17.4928556845359 0.0 42.80186911806539 100.6031808642252 72.80109889280519 87.23531395025755 75.66372975210778 12.52996408614167 85.84287972802403 15.0 60.29925372672534 57.42821606144492 60.20797289396148 28.0713376952364 11.0 19.6468827043885 10.63014581273465 90.78546139112804 84.31488599292535 51.66236541235796 52.15361924162119 59.61543424315552 71.58910531638176 93.00537618869137 93.02150289046077 9.486832980505138 65.45991139621256 82.28000972289685 28.63564212655271 43.68065933568311 38.41874542459709 27.31300056749533 65.86349520030045 86.7294644281861 52.88667128870941 35.60898762952971 19.92485884517128 18.43908891458577 47.20169488482379 82.80096617793781 75.45197147855052 21.63330765278394 59.22837157984339 50.35871324805669 22.13594362117865 60.40695324215582 71.56814934033156 16.1245154965971 18.02775637731995
51.03920062069938 19.84943324127921 39.20459156782532 24.18677324489565 46.84015371452148 36.68787265568828 23.3238075793812 39.56008088970496 70.21395872616783 52.63078946776307 88.76936408468859 64.07027391856539 40.85339643163099 54.3783044972901 3.605551275463989 51.62363799656123 56.30275304103699 28.6530975637888 20.02498439450079 61.40032573203501 65.92419889539804 25.49509756796392 42.80186911806539 0.0 98.41239759298622 36.49657518178932 77.42092740338364 44.01136216933077 42.72001872658765 63.60031446463138 35.73513677041127 32.80243893371345 73.00684899377592 66.91038783328041 32.0624390837628 51.97114584074513 53.53503525729669 32.4499614791759 91.92388155425118 81.39410298049853 42.15447781671598 34.9857113690718 53.31041174104736 54.56189146281496 90.78546139112804 83.81527307120105 46.75467891024384 88.95504482602435 45.09988913511872 56.46237685397242 71.47027354082255 56.88585061331157 38.07886552931954 83.00602387778854 47.2652091923859 79.55501241279521 7.211102550927978 53.0 25.05992817228334 64.28063471995279 82.46211251235322 88.45903006477066 21.2602916254693 95.77055915050303 80.99382692526635 23.02172886644268 84.17244204607586 57.0087712549569 33.52610922848042 41.0
105.3944970100432 80.23091673413684 64.76109943476871 74.24284477308234 72.42237223399962 62.68173577685928 79.37883848986453 73.55270219373317 28.30194339616981 69.1158447825099 68.00735254367721 48.76474136094644 110.6345334875146 58.0 101.5972440571101 97.41663102366043 43.41658669218482 69.77105417004964 89.8443097808648 56.43580423808985 41.34005321718877 95.524865872714 100.6031808642252 98.41239759298622 0.0 81.61494961096282 24.02082429892863 71.17583859709698 112.1605991424796 49.25444142409901 110.3449137930698 69.92138442565336 49.04079934095692 40.8166632639171 118.3427226321923 109.5536398299938 85.95929269136641 100.4489920307815 11.18033988749895 17.20465053408525 56.60388679233962 63.50590523722971 45.48626166217664 47.07440918375928 7.810249675906654 19.23538406167134 92.91393867445294 59.00847396772772 84.00595217006948 76.47875521999558 70.60453243241541 64.00781202322104 74.33034373659252 47.16990566028302 92.00543462209176 66.75327707311455 97.94386147176351 85.0881895447306 101.237344888139 56.859475903318 17.80449381476486 37.01351104664349 95.77577981932593 92.04890004774636 74.81310045707235 90.02777349240623 60.13318551349163 43.41658669218482 109.6038320497965 116.1034021895999
81.32035415564789 22.13594362117865 18.68154169226941 28.30194339616981 62.62587324740471 38.28837943815329 17.08800749063506 8.06225774829855 57.21887800367987 66.52818951391959 98.812954616285 66.73080248281148 74.54528824815154 25.07987240796891 39.81205847478876 78.92401408950256 49.9799959983992 29.06888370749727 16.76305461424021 30.23243291566195 64.07807737440318 56.08921464952063 72.80109889280519 36.49657518178932 81.61494961096282 0.0 57.70615218501403 11.18033988749895 76.53103945458993 35.34119409414458 70.178344238091 17.20465053408525 76.53757247260981 65.0 68.46897107449476 83.43260753446461 75.8023746329889 64.13267497929586 79.00632886041473 67.0 38.58756276314948 30.0 45.5411901469428 35.0 75.16648189186454 63.34824385884742 73.00684899377592 95.524865872714 9.486832980505138 74.02702209328699 84.8999411071645 67.94115100585212 54.644304369257 85.42833253669417 15.55634918610405 90.4267659490264 42.04759208325728 74.94664769020693 58.309518948453 71.61005515987263 70.11419257183242 86.33075929238663 52.61178575186362 113.1724348063609 94.847245611035 50.69516742254631 91.80958555619343 39.01281840626232 68.11754546370561 76.05918747922567
93.40770846134703 58.309518948453 41.43669871020132 53.41348144429457 60.7289058027559 44.04543109109048 56.79788728465171 49.64876634922564 14.0 59.22837157984339 70.83784299369935 42.01190307520001 95.88013350011565 34.0147027033899 80.80222769206304 86.33075929238663 27.85677655436824 49.04079934095692 66.85057965343307 32.98484500494128 34.05877273185281 78.81624198095213 87.23531395025755 77.42092740338364 24.02082429892863 57.70615218501403 0.0 47.16990566028302 97.6165969494942 25.70992026436488 94.57801012920498 47.01063709417264 47.07440918375928 34.13209633175202 100.7670581092849 97.30878685915265 76.15773105863909 84.90583018850944 24.16609194718914 13.45362404707371 37.64306044943742 42.63801121065568 27.78488797889961 23.76972864800943 18.43908891458577 6.403124237432849 80.99382692526635 63.15853069855251 60.0 67.89698078707183 67.1863081289633 55.44366510251645 59.93329625508679 50.15974481593781 68.0294054067798 66.49060083951716 77.98717843338096 75.18643494673756 84.20213774008353 51.0098029794274 18.38477631085023 43.82921400162225 78.24321056807422 93.39164844888434 74.14849964766651 72.80109889280519 62.29767250869008 20.591260281974 93.47726996441435 100.702532242243
84.01190391843289 26.1725046566048 12.8062484748657 29.42787793912432 61.29437168288782 35.51056180912941 21.37755832643195 4.47213595499958 48.05205510693585 64.35060217278468 94.17536832951598 61.22091146005587 79.00632886041473 13.92838827718412 47.53945729601885 80.52328855678958 43.04648650006177 28.46049894151541 25.80697580112788 19.20937271229855 57.4543296888929 60.00833275470999 75.66372975210778 44.01136216933077 71.17583859709698 11.18033988749895 47.16990566028302 0.0 81.00617260431454 24.16609194718914 75.16648189186454 15.52417469626002 70.80254232723568 58.309518948453 75.18643494673756 86.57944328765345 75.76938695805846 68.0294054067798 69.26037828369117 57.21887800367987 33.97057550292606 26.92582403567252 38.58756276314948 25.49509756796392 65.0 52.61178575186362 74.46475676452586 90.0 13.60147050873544 72.56031973468694 81.68843247363729 64.81512169239521 54.23098745182499 79.07591289387686 21.84032966784156 86.2670273047588 48.50773134253961 74.84650960465692 63.12685640834652 67.17886572427373 60.67124524847005 78.79086241436883 57.0350769263968 110.4219181141136 91.43850392476902 54.08326913195984 86.68333173107735 29.6141857899217 73.24616030891995 81.30190649671138
14.14213562373095 55.03635162326805 71.56814934033156 52.3450093132096 40.36087214122113 54.78138369920935 60.07495318350236 77.00649323271382 85.70297544426332 45.0 73.24616030891995 65.19202405202648 2.0 87.13208364316786 40.71854614300467 21.21320343559643 70.178344238091 54.91812087098393 61.61168720299745 94.36630754670864 71.42128534267638 21.09502310972899 12.52996408614167 42.72001872658765 112.1605991424796 76.53103945458993 97.6165969494942 81.00617260431454 0.0 93.86160024205851 7.211102550927978 66.18912297349165 69.8927750200262 72.12489168102785 18.78829422805594 12.08304597359457 31.95309061734092 13.34166406412633 102.591422643416 95.60334722173695 60.92618484691127 59.90826320300064 69.83552104767315 80.32434251209281 104.484448603608 103.5857133006285 21.93171219946131 77.83315488916018 85.84287972802403 41.14608122288197 55.97320787662612 50.80354318352215 38.01315561749642 78.39005038906404 89.26925562588724 65.14598989960932 35.73513677041127 32.31098884280702 18.24828759089466 59.64059020499378 94.36630754670864 87.92041856133307 24.02082429892863 69.26037828369117 62.16912416947821 27.29468812791236 72.80109889280519 80.77747210701756 9.433981132056603 6.0
93.43446901438462 43.82921400162225 24.4131112314674 42.5440947723653 64.38167441127949 40.11234224026316 40.45985664828782 27.78488797889961 32.01562118716424 65.30696746902278 87.36704184073076 54.58937625582472 91.92388155425118 10.295630140987 67.20119046564577 88.02272433866155 35.34119409414458 39.21734310225516 48.27007354458868 7.280109889280518 48.25971404805462 73.08214556237385 85.84287972802403 63.60031446463138 49.25444142409901 35.34119409414458 25.70992026436488 24.16609194718914 93.86160024205851 0.0 89.1852005660132 30.80584360149873 62.68173577685928 48.82622246293481 92.13576938409967 96.74709297958259 80.30566605165541 80.52328855678958 49.64876634922564 38.07886552931954 35.0142828000232 33.95585369269929 31.95309061734092 15.29705854077836 44.14748010928823 30.06659275674582 82.05485969764375 81.21576201698781 35.51056180912941 74.33034373659252 78.92401408950256 63.60031446463138 60.00833275470999 68.76772498781678 43.18564576337837 81.00617260431454 66.37017402418047 79.30952023559341 77.4919350642375 62.64982043070834 42.485291572496 65.29931086925804 71.16881339463234 107.3545527679194 87.66413177577246 66.76076692189807 79.05694150420949 17.46424919657298 87.5956619930462 95.50916186418976
19.69771560359221 49.04079934095692 66.2872536767062 47.07440918375928 39.96248240537617 51.0 54.00925846556311 71.06335201775947 83.24061508662703 45.17742799230607 75.95393340703298 64.63745044476924 5.656854249492381 82.0 33.61547262794322 25.17935662402834 67.62396025078685 50.0 54.91812087098393 89.26925562588724 70.2922470831599 16.15549442140351 15.0 35.73513677041127 110.3449137930698 70.178344238091 94.57801012920498 75.16648189186454 7.211102550927978 89.1852005660132 0.0 60.67124524847005 70.2353187506115 71.06335201775947 13.15294643796591 18.60107523773828 34.36568055487916 9.899494936611665 101.1780608630152 93.50935782048768 57.30619512757761 55.36244214266564 66.85057965343307 76.15773105863909 102.591422643416 100.687635785135 24.18677324489565 79.81227975693966 79.40403012442127 42.72001872658765 58.24946351684279 51.0 36.06937759374286 79.20227269466452 82.56512580987206 67.468511173732 28.86173937932362 34.52535300326414 12.0415945787923 59.94163828258284 92.63368717696602 88.19297024139736 18.24828759089466 73.97972695272672 65.27633568147036 22.47220505424423 74.72616676907762 76.92203845452875 2.23606797749979 6.324555320336759
68.59300255857006 13.0384048104053 6.403124237432849 14.0356688476182 46.32493928760188 21.21320343559643 10.0 12.52996408614167 43.28972164382672 49.8196748283246 81.60882305241266 49.64876634922564 64.19501538281614 21.93171219946131 36.40054944640259 65.0 33.734255586866 13.0 19.92485884517128 29.1547594742265 47.43416490252569 45.09988913511872 60.29925372672534 32.80243893371345 69.92138442565336 17.20465053408525 47.01063709417264 15.52417469626002 66.18912297349165 30.80584360149873 60.67124524847005 0.0 59.4810894318522 48.38388161361178 62.03224967708329 71.25307010929424 60.41522986797286 53.03772242470448 65.62011886609167 53.9351462406472 21.47091055358389 12.8062484748657 29.42787793912432 23.25940669922602 62.81719509815764 53.22593352868505 58.9406481131655 78.39005038906404 25.49509756796392 57.68882040742383 67.88225099390856 50.91168824543142 38.91015291668744 68.54195795277518 32.64965543462902 73.24616030891995 35.77708763999664 59.50630218724736 48.66210024238575 54.40588203494178 56.32051136131489 70.09279563550022 42.42640687119285 96.33275663033837 77.79460135510689 39.01281840626232 74.62573282722254 26.57066051117285 58.85575587824864 66.91038783328041
60.14149981501958 62.0966987850401 58.52349955359813 53.60037313302958 30.46309242345563 39.84971769034255 64.51356446515724 70.178344238091 33.52610922848042 25.05992817228334 24.69817807045694 9.848857801796104 68.79680225126747 64.38167441127949 75.02666192761077 51.62363799656123 28.2842712474619 50.28916384272063 75.0 68.41052550594829 14.42220510185596 58.82176467941097 57.42821606144492 73.00684899377592 49.04079934095692 76.53757247260981 47.07440918375928 70.80254232723568 69.8927750200262 62.68173577685928 70.2353187506115 59.4810894318522 0.0 13.8924439894498 81.15417426109393 64.38167441127949 39.59797974644666 60.83584469702052 37.94733192202055 37.0 38.01315561749642 47.01063709417264 32.55764119219941 48.91829923454004 42.7551166528639 50.24937810560445 48.41487374764082 19.20937271229855 83.7615663654877 29.69848480983499 21.5870331449229 19.23538406167134 36.87817782917155 10.0 91.58602513484249 19.4164878389476 69.18092222571191 38.89730067755345 64.51356446515724 10.295630140987 33.13608305156178 18.02775637731995 60.87692502089769 46.32493928760188 27.16615541441225 55.31726674375732 16.40121946685673 45.60701700396552 70.21395872616783 74.94664769020693
